photo_id|owner_id|page_id|camera|camera_type|filename|data
8177388715|27792531@N02|2007|Fujifilm X-E1|Fujifilm|27792531@N02_Fujifilm_b518bd16.json|"{""id"": ""8177388715"", ""owner"": ""27792531@N02"", ""title"": ""DSCF7768"", ""realname"": """", ""ownername"": ""YangChen(TW)"", ""datetaken"": ""2012-11-10 17:00:44"", ""max_width"": 4896, ""max_height"": 3264, ""url_max"": ""https://live.staticflickr.com/8337/8177388715_9463aa8128_o.jpg"", ""max_width_2000"": 1365, ""max_height_2000"": 2048, ""url_max_2000"": ""https://live.staticflickr.com/8337/8177388715_2d7eab2d15_k.jpg"", ""flickr_page"": ""https://www.flickr.com/photos/27792531@N02/8177388715"", ""camera"": ""Fujifilm X-E1"", ""create_date"": ""2012:11:10 17:00:44"", ""lens_model"": ""XF35mmF1.4 R"", ""iso"": ""1250"", ""exposure_time"": ""1/52"", ""exposure_program"": ""Program AE"", ""exposure_compensation"": ""+0.33"", ""aperture"": ""1.4"", ""focal_length"": ""35.0 mm"", ""focal_length_in35mm"": ""53 mm"", ""white_balance"": ""Manual"", ""metering_mode"": ""Multi-segment"", ""flash"": ""Off, Did not fire"", ""pageid"": ""2007""}"
8177417374|27792531@N02|2007|Fujifilm X-E1|Fujifilm|27792531@N02_Fujifilm_b518bd16.json|"{""id"": ""8177417374"", ""owner"": ""27792531@N02"", ""title"": ""DSCF7772"", ""realname"": """", ""ownername"": ""YangChen(TW)"", ""datetaken"": ""2012-11-10 17:11:26"", ""max_width"": 4896, ""max_height"": 3264, ""url_max"": ""https://live.staticflickr.com/8068/8177417374_40ea011af9_o.jpg"", ""max_width_2000"": 1600, ""max_height_2000"": 1067, ""url_max_2000"": ""https://live.staticflickr.com/8068/8177417374_e31f10f553_h.jpg"", ""flickr_page"": ""https://www.flickr.com/photos/27792531@N02/8177417374"", ""camera"": ""Fujifilm X-E1"", ""create_date"": ""2012:11:10 17:11:26"", ""lens_model"": ""XF35mmF1.4 R"", ""iso"": ""400"", ""exposure_time"": ""1/125"", ""exposure_program"": ""Program AE"", ""exposure_compensation"": ""-0.67"", ""aperture"": ""1.4"", ""focal_length"": ""35.0 mm"", ""focal_length_in35mm"": ""53 mm"", ""white_balance"": ""Auto"", ""metering_mode"": ""Multi-segment"", ""flash"": ""Off, Did not fire"", ""pageid"": ""2007""}"
8177420142|27792531@N02|2007|Fujifilm X-E1|Fujifilm|27792531@N02_Fujifilm_b518bd16.json|"{""id"": ""8177420142"", ""owner"": ""27792531@N02"", ""title"": ""DSCF7767"", ""realname"": """", ""ownername"": ""YangChen(TW)"", ""datetaken"": ""2012-11-10 16:47:15"", ""max_width"": 4896, ""max_height"": 3264, ""url_max"": ""https://live.staticflickr.com/8066/8177420142_c106bbc401_o.jpg"", ""max_width_2000"": 1600, ""max_height_2000"": 1067, ""url_max_2000"": ""https://live.staticflickr.com/8066/8177420142_27542348ad_h.jpg"", ""flickr_page"": ""https://www.flickr.com/photos/27792531@N02/8177420142"", ""camera"": ""Fujifilm X-E1"", ""create_date"": ""2012:11:10 16:47:15"", ""lens_model"": ""XF35mmF1.4 R"", ""iso"": ""800"", ""exposure_time"": ""1/58"", ""exposure_program"": ""Aperture-priority AE"", ""exposure_compensation"": ""+0.33"", ""aperture"": ""4.0"", ""focal_length"": ""35.0 mm"", ""focal_length_in35mm"": ""53 mm"", ""white_balance"": ""Manual"", ""metering_mode"": ""Multi-segment"", ""flash"": ""Off, Did not fire"", ""pageid"": ""2007""}"
8177390201|27792531@N02|2007|Fujifilm X-E1|Fujifilm|27792531@N02_Fujifilm_b518bd16.json|"{""id"": ""8177390201"", ""owner"": ""27792531@N02"", ""title"": ""DSCF7762"", ""realname"": """", ""ownername"": ""YangChen(TW)"", ""datetaken"": ""2012-11-10 16:45:08"", ""max_width"": 4896, ""max_height"": 3264, ""url_max"": ""https://live.staticflickr.com/8339/8177390201_433da7c70e_o.jpg"", ""max_width_2000"": 1600, ""max_height_2000"": 1067, ""url_max_2000"": ""https://live.staticflickr.com/8339/8177390201_5b3704d952_h.jpg"", ""flickr_page"": ""https://www.flickr.com/photos/27792531@N02/8177390201"", ""camera"": ""Fujifilm X-E1"", ""create_date"": ""2012:11:10 16:45:08"", ""lens_model"": ""XF35mmF1.4 R"", ""iso"": ""400"", ""exposure_time"": ""1/52"", ""exposure_program"": ""Aperture-priority AE"", ""exposure_compensation"": ""+1"", ""aperture"": ""4.0"", ""focal_length"": ""35.0 mm"", ""focal_length_in35mm"": ""53 mm"", ""white_balance"": ""Manual"", ""metering_mode"": ""Multi-segment"", ""flash"": ""Off, Did not fire"", ""pageid"": ""2007""}"
8177418236|27792531@N02|2007|Fujifilm X-E1|Fujifilm|27792531@N02_Fujifilm_b518bd16.json|"{""id"": ""8177418236"", ""owner"": ""27792531@N02"", ""title"": ""DSCF7771"", ""realname"": """", ""ownername"": ""YangChen(TW)"", ""datetaken"": ""2012-11-10 17:11:20"", ""max_width"": 4896, ""max_height"": 3264, ""url_max"": ""https://live.staticflickr.com/8070/8177418236_67b0b94909_o.jpg"", ""max_width_2000"": 1600, ""max_height_2000"": 1067, ""url_max_2000"": ""https://live.staticflickr.com/8070/8177418236_941502b723_h.jpg"", ""flickr_page"": ""https://www.flickr.com/photos/27792531@N02/8177418236"", ""camera"": ""Fujifilm X-E1"", ""create_date"": ""2012:11:10 17:11:20"", ""lens_model"": ""XF35mmF1.4 R"", ""iso"": ""400"", ""exposure_time"": ""1/150"", ""exposure_program"": ""Program AE"", ""exposure_compensation"": ""-0.67"", ""aperture"": ""1.6"", ""focal_length"": ""35.0 mm"", ""focal_length_in35mm"": ""53 mm"", ""white_balance"": ""Auto"", ""metering_mode"": ""Multi-segment"", ""flash"": ""Off, Did not fire"", ""pageid"": ""2007""}"
8177420616|27792531@N02|2007|Fujifilm X-E1|Fujifilm|27792531@N02_Fujifilm_b518bd16.json|"{""id"": ""8177420616"", ""owner"": ""27792531@N02"", ""title"": ""DSCF7765"", ""realname"": """", ""ownername"": ""YangChen(TW)"", ""datetaken"": ""2012-11-10 16:45:50"", ""max_width"": 4896, ""max_height"": 3264, ""url_max"": ""https://live.staticflickr.com/8063/8177420616_416fed6dd4_o.jpg"", ""max_width_2000"": 1600, ""max_height_2000"": 1067, ""url_max_2000"": ""https://live.staticflickr.com/8063/8177420616_26e453e23c_h.jpg"", ""flickr_page"": ""https://www.flickr.com/photos/27792531@N02/8177420616"", ""camera"": ""Fujifilm X-E1"", ""create_date"": ""2012:11:10 16:45:50"", ""lens_model"": ""XF35mmF1.4 R"", ""iso"": ""800"", ""exposure_time"": ""1/52"", ""exposure_program"": ""Aperture-priority AE"", ""exposure_compensation"": ""+1.67"", ""aperture"": ""4.0"", ""focal_length"": ""35.0 mm"", ""focal_length_in35mm"": ""53 mm"", ""white_balance"": ""Manual"", ""metering_mode"": ""Multi-segment"", ""flash"": ""Off, Did not fire"", ""pageid"": ""2007""}"
8177422152|27792531@N02|2007|Fujifilm X-E1|Fujifilm|27792531@N02_Fujifilm_b518bd16.json|"{""id"": ""8177422152"", ""owner"": ""27792531@N02"", ""title"": ""DSCF7760"", ""realname"": """", ""ownername"": ""YangChen(TW)"", ""datetaken"": ""2012-11-10 16:44:56"", ""max_width"": 4896, ""max_height"": 3264, ""url_max"": ""https://live.staticflickr.com/8346/8177422152_362b792f9c_o.jpg"", ""max_width_2000"": 1600, ""max_height_2000"": 1067, ""url_max_2000"": ""https://live.staticflickr.com/8346/8177422152_66fee6f5a8_h.jpg"", ""flickr_page"": ""https://www.flickr.com/photos/27792531@N02/8177422152"", ""camera"": ""Fujifilm X-E1"", ""create_date"": ""2012:11:10 16:44:56"", ""lens_model"": ""XF35mmF1.4 R"", ""iso"": ""800"", ""exposure_time"": ""1/58"", ""exposure_program"": ""Aperture-priority AE"", ""exposure_compensation"": ""+0.67"", ""aperture"": ""4.0"", ""focal_length"": ""35.0 mm"", ""focal_length_in35mm"": ""53 mm"", ""white_balance"": ""Manual"", ""metering_mode"": ""Multi-segment"", ""flash"": ""Off, Did not fire"", ""pageid"": ""2007""}"
8177422648|27792531@N02|2007|Fujifilm X-E1|Fujifilm|27792531@N02_Fujifilm_b518bd16.json|"{""id"": ""8177422648"", ""owner"": ""27792531@N02"", ""title"": ""DSCF7759"", ""realname"": """", ""ownername"": ""YangChen(TW)"", ""datetaken"": ""2012-11-10 16:44:54"", ""max_width"": 4896, ""max_height"": 3264, ""url_max"": ""https://live.staticflickr.com/8477/8177422648_952dfd1377_o.jpg"", ""max_width_2000"": 1600, ""max_height_2000"": 1067, ""url_max_2000"": ""https://live.staticflickr.com/8477/8177422648_034f60a108_h.jpg"", ""flickr_page"": ""https://www.flickr.com/photos/27792531@N02/8177422648"", ""camera"": ""Fujifilm X-E1"", ""create_date"": ""2012:11:10 16:44:54"", ""lens_model"": ""XF35mmF1.4 R"", ""iso"": ""800"", ""exposure_time"": ""1/52"", ""exposure_program"": ""Aperture-priority AE"", ""exposure_compensation"": ""+0.67"", ""aperture"": ""4.0"", ""focal_length"": ""35.0 mm"", ""focal_length_in35mm"": ""53 mm"", ""white_balance"": ""Manual"", ""metering_mode"": ""Multi-segment"", ""flash"": ""Off, Did not fire"", ""pageid"": ""2007""}"
8177424492|27792531@N02|2007|Fujifilm X-E1|Fujifilm|27792531@N02_Fujifilm_b518bd16.json|"{""id"": ""8177424492"", ""owner"": ""27792531@N02"", ""title"": ""DSCF7751"", ""realname"": """", ""ownername"": ""YangChen(TW)"", ""datetaken"": ""2012-11-10 16:40:38"", ""max_width"": 4896, ""max_height"": 3264, ""url_max"": ""https://live.staticflickr.com/8070/8177424492_1176bd17d0_o.jpg"", ""max_width_2000"": 1365, ""max_height_2000"": 2048, ""url_max_2000"": ""https://live.staticflickr.com/8070/8177424492_3d94ffeab7_k.jpg"", ""flickr_page"": ""https://www.flickr.com/photos/27792531@N02/8177424492"", ""camera"": ""Fujifilm X-E1"", ""create_date"": ""2012:11:10 16:40:38"", ""lens_model"": ""XF35mmF1.4 R"", ""iso"": ""250"", ""exposure_time"": ""1/52"", ""exposure_program"": ""Aperture-priority AE"", ""exposure_compensation"": ""+0.33"", ""aperture"": ""3.2"", ""focal_length"": ""35.0 mm"", ""focal_length_in35mm"": ""53 mm"", ""white_balance"": ""Manual"", ""metering_mode"": ""Multi-segment"", ""flash"": ""Off, Did not fire"", ""pageid"": ""2007""}"
8177425483|27792531@N02|2007|Fujifilm X-E1|Fujifilm|27792531@N02_Fujifilm_b518bd16.json|"{""id"": ""8177425483"", ""owner"": ""27792531@N02"", ""title"": ""DSCF7715"", ""realname"": """", ""ownername"": ""YangChen(TW)"", ""datetaken"": ""2012-11-10 15:42:25"", ""max_width"": 4896, ""max_height"": 3264, ""url_max"": ""https://live.staticflickr.com/8203/8177425483_e10af3a9ab_o.jpg"", ""max_width_2000"": 1365, ""max_height_2000"": 2048, ""url_max_2000"": ""https://live.staticflickr.com/8203/8177425483_cb017b6c51_k.jpg"", ""flickr_page"": ""https://www.flickr.com/photos/27792531@N02/8177425483"", ""camera"": ""Fujifilm X-E1"", ""create_date"": ""2012:11:10 15:42:25"", ""lens_model"": ""XF35mmF1.4 R"", ""iso"": ""800"", ""exposure_time"": ""1/52"", ""exposure_program"": ""Aperture-priority AE"", ""exposure_compensation"": ""+1.33"", ""aperture"": ""3.2"", ""focal_length"": ""35.0 mm"", ""focal_length_in35mm"": ""53 mm"", ""white_balance"": ""Auto"", ""metering_mode"": ""Multi-segment"", ""flash"": ""Off, Did not fire"", ""pageid"": ""2007""}"
8177426499|27792531@N02|2007|Fujifilm X-E1|Fujifilm|27792531@N02_Fujifilm_b518bd16.json|"{""id"": ""8177426499"", ""owner"": ""27792531@N02"", ""title"": ""DSCF7713"", ""realname"": """", ""ownername"": ""YangChen(TW)"", ""datetaken"": ""2012-11-10 15:42:22"", ""max_width"": 4896, ""max_height"": 3264, ""url_max"": ""https://live.staticflickr.com/8342/8177426499_13da6ce900_o.jpg"", ""max_width_2000"": 1365, ""max_height_2000"": 2048, ""url_max_2000"": ""https://live.staticflickr.com/8342/8177426499_3e3357ecd4_k.jpg"", ""flickr_page"": ""https://www.flickr.com/photos/27792531@N02/8177426499"", ""camera"": ""Fujifilm X-E1"", ""create_date"": ""2012:11:10 15:42:22"", ""lens_model"": ""XF35mmF1.4 R"", ""iso"": ""800"", ""exposure_time"": ""1/52"", ""exposure_program"": ""Aperture-priority AE"", ""exposure_compensation"": ""+1.33"", ""aperture"": ""3.2"", ""focal_length"": ""35.0 mm"", ""focal_length_in35mm"": ""53 mm"", ""white_balance"": ""Auto"", ""metering_mode"": ""Multi-segment"", ""flash"": ""Off, Did not fire"", ""pageid"": ""2007""}"
8177425995|27792531@N02|2007|Fujifilm X-E1|Fujifilm|27792531@N02_Fujifilm_b518bd16.json|"{""id"": ""8177425995"", ""owner"": ""27792531@N02"", ""title"": ""DSCF7714"", ""realname"": """", ""ownername"": ""YangChen(TW)"", ""datetaken"": ""2012-11-10 15:42:24"", ""max_width"": 4896, ""max_height"": 3264, ""url_max"": ""https://live.staticflickr.com/8483/8177425995_b00bd14e74_o.jpg"", ""max_width_2000"": 1365, ""max_height_2000"": 2048, ""url_max_2000"": ""https://live.staticflickr.com/8483/8177425995_1a5e5414df_k.jpg"", ""flickr_page"": ""https://www.flickr.com/photos/27792531@N02/8177425995"", ""camera"": ""Fujifilm X-E1"", ""create_date"": ""2012:11:10 15:42:24"", ""lens_model"": ""XF35mmF1.4 R"", ""iso"": ""800"", ""exposure_time"": ""1/52"", ""exposure_program"": ""Aperture-priority AE"", ""exposure_compensation"": ""+1.33"", ""aperture"": ""3.2"", ""focal_length"": ""35.0 mm"", ""focal_length_in35mm"": ""53 mm"", ""white_balance"": ""Auto"", ""metering_mode"": ""Multi-segment"", ""flash"": ""Off, Did not fire"", ""pageid"": ""2007""}"
8177427101|27792531@N02|2007|Fujifilm X-E1|Fujifilm|27792531@N02_Fujifilm_b518bd16.json|"{""id"": ""8177427101"", ""owner"": ""27792531@N02"", ""title"": ""DSCF7712"", ""realname"": """", ""ownername"": ""YangChen(TW)"", ""datetaken"": ""2012-11-10 15:42:17"", ""max_width"": 4896, ""max_height"": 3264, ""url_max"": ""https://live.staticflickr.com/8349/8177427101_04dc0f68ca_o.jpg"", ""max_width_2000"": 1365, ""max_height_2000"": 2048, ""url_max_2000"": ""https://live.staticflickr.com/8349/8177427101_1550716718_k.jpg"", ""flickr_page"": ""https://www.flickr.com/photos/27792531@N02/8177427101"", ""camera"": ""Fujifilm X-E1"", ""create_date"": ""2012:11:10 15:42:17"", ""lens_model"": ""XF35mmF1.4 R"", ""iso"": ""800"", ""exposure_time"": ""1/52"", ""exposure_program"": ""Aperture-priority AE"", ""exposure_compensation"": ""+1.33"", ""aperture"": ""3.2"", ""focal_length"": ""35.0 mm"", ""focal_length_in35mm"": ""53 mm"", ""white_balance"": ""Auto"", ""metering_mode"": ""Multi-segment"", ""flash"": ""Off, Did not fire"", ""pageid"": ""2007""}"
8177424969|27792531@N02|2007|Fujifilm X-E1|Fujifilm|27792531@N02_Fujifilm_b518bd16.json|"{""id"": ""8177424969"", ""owner"": ""27792531@N02"", ""title"": ""DSCF7718"", ""realname"": """", ""ownername"": ""YangChen(TW)"", ""datetaken"": ""2012-11-10 15:42:43"", ""max_width"": 4896, ""max_height"": 3264, ""url_max"": ""https://live.staticflickr.com/8210/8177424969_edc56f5829_o.jpg"", ""max_width_2000"": 1365, ""max_height_2000"": 2048, ""url_max_2000"": ""https://live.staticflickr.com/8210/8177424969_8b95d21b65_k.jpg"", ""flickr_page"": ""https://www.flickr.com/photos/27792531@N02/8177424969"", ""camera"": ""Fujifilm X-E1"", ""create_date"": ""2012:11:10 15:42:43"", ""lens_model"": ""XF35mmF1.4 R"", ""iso"": ""800"", ""exposure_time"": ""1/52"", ""exposure_program"": ""Aperture-priority AE"", ""exposure_compensation"": ""+1.33"", ""aperture"": ""3.2"", ""focal_length"": ""35.0 mm"", ""focal_length_in35mm"": ""53 mm"", ""white_balance"": ""Auto"", ""metering_mode"": ""Multi-segment"", ""flash"": ""Off, Did not fire"", ""pageid"": ""2007""}"
8177427523|27792531@N02|2007|Fujifilm X-E1|Fujifilm|27792531@N02_Fujifilm_b518bd16.json|"{""id"": ""8177427523"", ""owner"": ""27792531@N02"", ""title"": ""DSCF7711"", ""realname"": """", ""ownername"": ""YangChen(TW)"", ""datetaken"": ""2012-11-10 15:42:15"", ""max_width"": 4896, ""max_height"": 3264, ""url_max"": ""https://live.staticflickr.com/8205/8177427523_fc935a5cdd_o.jpg"", ""max_width_2000"": 1365, ""max_height_2000"": 2048, ""url_max_2000"": ""https://live.staticflickr.com/8205/8177427523_4eb715bfab_k.jpg"", ""flickr_page"": ""https://www.flickr.com/photos/27792531@N02/8177427523"", ""camera"": ""Fujifilm X-E1"", ""create_date"": ""2012:11:10 15:42:15"", ""lens_model"": ""XF35mmF1.4 R"", ""iso"": ""640"", ""exposure_time"": ""1/52"", ""exposure_program"": ""Aperture-priority AE"", ""exposure_compensation"": ""+1.33"", ""aperture"": ""3.2"", ""focal_length"": ""35.0 mm"", ""focal_length_in35mm"": ""53 mm"", ""white_balance"": ""Auto"", ""metering_mode"": ""Multi-segment"", ""flash"": ""Off, Did not fire"", ""pageid"": ""2007""}"
8177459240|27792531@N02|2007|Fujifilm X-E1|Fujifilm|27792531@N02_Fujifilm_b518bd16.json|"{""id"": ""8177459240"", ""owner"": ""27792531@N02"", ""title"": ""DSCF7708"", ""realname"": """", ""ownername"": ""YangChen(TW)"", ""datetaken"": ""2012-11-10 15:41:49"", ""max_width"": 4896, ""max_height"": 3264, ""url_max"": ""https://live.staticflickr.com/8060/8177459240_c17e5e7a3f_o.jpg"", ""max_width_2000"": 1365, ""max_height_2000"": 2048, ""url_max_2000"": ""https://live.staticflickr.com/8060/8177459240_224e71b5ea_k.jpg"", ""flickr_page"": ""https://www.flickr.com/photos/27792531@N02/8177459240"", ""camera"": ""Fujifilm X-E1"", ""create_date"": ""2012:11:10 15:41:49"", ""lens_model"": ""XF35mmF1.4 R"", ""iso"": ""1000"", ""exposure_time"": ""1/52"", ""exposure_program"": ""Aperture-priority AE"", ""exposure_compensation"": ""+1.67"", ""aperture"": ""3.2"", ""focal_length"": ""35.0 mm"", ""focal_length_in35mm"": ""53 mm"", ""white_balance"": ""Auto"", ""metering_mode"": ""Multi-segment"", ""flash"": ""Off, Did not fire"", ""pageid"": ""2007""}"
8177459736|27792531@N02|2007|Fujifilm X-E1|Fujifilm|27792531@N02_Fujifilm_b518bd16.json|"{""id"": ""8177459736"", ""owner"": ""27792531@N02"", ""title"": ""DSCF7707"", ""realname"": """", ""ownername"": ""YangChen(TW)"", ""datetaken"": ""2012-11-10 15:41:47"", ""max_width"": 4896, ""max_height"": 3264, ""url_max"": ""https://live.staticflickr.com/8062/8177459736_3dc540b5bc_o.jpg"", ""max_width_2000"": 1365, ""max_height_2000"": 2048, ""url_max_2000"": ""https://live.staticflickr.com/8062/8177459736_350dcf23de_k.jpg"", ""flickr_page"": ""https://www.flickr.com/photos/27792531@N02/8177459736"", ""camera"": ""Fujifilm X-E1"", ""create_date"": ""2012:11:10 15:41:47"", ""lens_model"": ""XF35mmF1.4 R"", ""iso"": ""800"", ""exposure_time"": ""1/52"", ""exposure_program"": ""Aperture-priority AE"", ""exposure_compensation"": ""+1.67"", ""aperture"": ""3.2"", ""focal_length"": ""35.0 mm"", ""focal_length_in35mm"": ""53 mm"", ""white_balance"": ""Auto"", ""metering_mode"": ""Multi-segment"", ""flash"": ""Off, Did not fire"", ""pageid"": ""2007""}"
8177428107|27792531@N02|2007|Fujifilm X-E1|Fujifilm|27792531@N02_Fujifilm_b518bd16.json|"{""id"": ""8177428107"", ""owner"": ""27792531@N02"", ""title"": ""DSCF7710"", ""realname"": """", ""ownername"": ""YangChen(TW)"", ""datetaken"": ""2012-11-10 15:42:11"", ""max_width"": 4896, ""max_height"": 3264, ""url_max"": ""https://live.staticflickr.com/8206/8177428107_e7a1e9ea2c_o.jpg"", ""max_width_2000"": 1365, ""max_height_2000"": 2048, ""url_max_2000"": ""https://live.staticflickr.com/8206/8177428107_a15ac074c7_k.jpg"", ""flickr_page"": ""https://www.flickr.com/photos/27792531@N02/8177428107"", ""camera"": ""Fujifilm X-E1"", ""create_date"": ""2012:11:10 15:42:11"", ""lens_model"": ""XF35mmF1.4 R"", ""iso"": ""800"", ""exposure_time"": ""1/52"", ""exposure_program"": ""Aperture-priority AE"", ""exposure_compensation"": ""+1.33"", ""aperture"": ""3.2"", ""focal_length"": ""35.0 mm"", ""focal_length_in35mm"": ""53 mm"", ""white_balance"": ""Auto"", ""metering_mode"": ""Multi-segment"", ""flash"": ""Off, Did not fire"", ""pageid"": ""2007""}"
8177460252|27792531@N02|2007|Fujifilm X-E1|Fujifilm|27792531@N02_Fujifilm_b518bd16.json|"{""id"": ""8177460252"", ""owner"": ""27792531@N02"", ""title"": ""DSCF7705"", ""realname"": """", ""ownername"": ""YangChen(TW)"", ""datetaken"": ""2012-11-10 15:41:40"", ""max_width"": 4896, ""max_height"": 3264, ""url_max"": ""https://live.staticflickr.com/8348/8177460252_8dbf90cb2d_o.jpg"", ""max_width_2000"": 1365, ""max_height_2000"": 2048, ""url_max_2000"": ""https://live.staticflickr.com/8348/8177460252_444b932c1c_k.jpg"", ""flickr_page"": ""https://www.flickr.com/photos/27792531@N02/8177460252"", ""camera"": ""Fujifilm X-E1"", ""create_date"": ""2012:11:10 15:41:40"", ""lens_model"": ""XF35mmF1.4 R"", ""iso"": ""500"", ""exposure_time"": ""1/52"", ""exposure_program"": ""Aperture-priority AE"", ""exposure_compensation"": ""+1"", ""aperture"": ""3.2"", ""focal_length"": ""35.0 mm"", ""focal_length_in35mm"": ""53 mm"", ""white_balance"": ""Auto"", ""metering_mode"": ""Multi-segment"", ""flash"": ""Off, Did not fire"", ""pageid"": ""2007""}"
8177461302|27792531@N02|2007|Fujifilm X-E1|Fujifilm|27792531@N02_Fujifilm_b518bd16.json|"{""id"": ""8177461302"", ""owner"": ""27792531@N02"", ""title"": ""DSCF7786"", ""realname"": """", ""ownername"": ""YangChen(TW)"", ""datetaken"": ""2012-11-10 17:49:16"", ""max_width"": 4896, ""max_height"": 3264, ""url_max"": ""https://live.staticflickr.com/8483/8177461302_a9f0c346a5_o.jpg"", ""max_width_2000"": 1600, ""max_height_2000"": 1067, ""url_max_2000"": ""https://live.staticflickr.com/8483/8177461302_2426f2a601_h.jpg"", ""flickr_page"": ""https://www.flickr.com/photos/27792531@N02/8177461302"", ""camera"": ""Fujifilm X-E1"", ""create_date"": ""2012:11:10 17:49:16"", ""lens_model"": ""XF35mmF1.4 R"", ""iso"": ""1600"", ""exposure_time"": ""1/52"", ""exposure_program"": ""Aperture-priority AE"", ""exposure_compensation"": ""-0.33"", ""aperture"": ""2.8"", ""focal_length"": ""35.0 mm"", ""focal_length_in35mm"": ""53 mm"", ""white_balance"": ""Auto"", ""metering_mode"": ""Multi-segment"", ""flash"": ""Off, Did not fire"", ""pageid"": ""2007""}"
8188784003|27792531@N02|2004|Fujifilm X-E1|Fujifilm|27792531@N02_Fujifilm_b518bd16.json|"{""id"": ""8188784003"", ""owner"": ""27792531@N02"", ""title"": ""DSCF7867"", ""realname"": """", ""ownername"": ""YangChen(TW)"", ""datetaken"": ""2012-11-15 17:07:15"", ""max_width"": 4896, ""max_height"": 3264, ""url_max"": ""https://live.staticflickr.com/8057/8188784003_2ec99a264b_o.jpg"", ""max_width_2000"": 1600, ""max_height_2000"": 1067, ""url_max_2000"": ""https://live.staticflickr.com/8057/8188784003_1be855ad83_h.jpg"", ""flickr_page"": ""https://www.flickr.com/photos/27792531@N02/8188784003"", ""camera"": ""Fujifilm X-E1"", ""create_date"": ""2012:11:15 17:07:15"", ""lens_model"": ""XF35mmF1.4 R"", ""iso"": ""3200"", ""exposure_time"": ""1/160"", ""exposure_program"": ""Manual"", ""exposure_compensation"": ""0"", ""aperture"": ""4.0"", ""focal_length"": ""35.0 mm"", ""focal_length_in35mm"": ""53 mm"", ""white_balance"": ""Auto"", ""metering_mode"": ""Multi-segment"", ""flash"": ""Off, Did not fire"", ""pageid"": ""2004""}"
8188783497|27792531@N02|2004|Fujifilm X-E1|Fujifilm|27792531@N02_Fujifilm_b518bd16.json|"{""id"": ""8188783497"", ""owner"": ""27792531@N02"", ""title"": ""DSCF7869"", ""realname"": """", ""ownername"": ""YangChen(TW)"", ""datetaken"": ""2012-11-15 17:07:40"", ""max_width"": 4896, ""max_height"": 3264, ""url_max"": ""https://live.staticflickr.com/8067/8188783497_c82d0efbe6_o.jpg"", ""max_width_2000"": 1600, ""max_height_2000"": 1067, ""url_max_2000"": ""https://live.staticflickr.com/8067/8188783497_4b93a8a554_h.jpg"", ""flickr_page"": ""https://www.flickr.com/photos/27792531@N02/8188783497"", ""camera"": ""Fujifilm X-E1"", ""create_date"": ""2012:11:15 17:07:40"", ""lens_model"": ""XF35mmF1.4 R"", ""iso"": ""3200"", ""exposure_time"": ""1/200"", ""exposure_program"": ""Manual"", ""exposure_compensation"": ""0"", ""aperture"": ""4.0"", ""focal_length"": ""35.0 mm"", ""focal_length_in35mm"": ""53 mm"", ""white_balance"": ""Auto"", ""metering_mode"": ""Multi-segment"", ""flash"": ""Off, Did not fire"", ""pageid"": ""2004""}"
8189865044|27792531@N02|2004|Fujifilm X-E1|Fujifilm|27792531@N02_Fujifilm_b518bd16.json|"{""id"": ""8189865044"", ""owner"": ""27792531@N02"", ""title"": ""DSCF7859"", ""realname"": """", ""ownername"": ""YangChen(TW)"", ""datetaken"": ""2012-11-15 17:06:04"", ""max_width"": 4896, ""max_height"": 3264, ""url_max"": ""https://live.staticflickr.com/8064/8189865044_a401fb2607_o.jpg"", ""max_width_2000"": 1600, ""max_height_2000"": 1067, ""url_max_2000"": ""https://live.staticflickr.com/8064/8189865044_0a788188f5_h.jpg"", ""flickr_page"": ""https://www.flickr.com/photos/27792531@N02/8189865044"", ""camera"": ""Fujifilm X-E1"", ""create_date"": ""2012:11:15 17:06:04"", ""lens_model"": ""XF35mmF1.4 R"", ""iso"": ""3200"", ""exposure_time"": ""1/250"", ""exposure_program"": ""Manual"", ""exposure_compensation"": ""0"", ""aperture"": ""4.0"", ""focal_length"": ""35.0 mm"", ""focal_length_in35mm"": ""53 mm"", ""white_balance"": ""Auto"", ""metering_mode"": ""Multi-segment"", ""flash"": ""Off, Did not fire"", ""pageid"": ""2004""}"
8189864432|27792531@N02|2004|Fujifilm X-E1|Fujifilm|27792531@N02_Fujifilm_b518bd16.json|"{""id"": ""8189864432"", ""owner"": ""27792531@N02"", ""title"": ""DSCF7860"", ""realname"": """", ""ownername"": ""YangChen(TW)"", ""datetaken"": ""2012-11-15 17:06:06"", ""max_width"": 4896, ""max_height"": 3264, ""url_max"": ""https://live.staticflickr.com/8061/8189864432_1152ecd0e9_o.jpg"", ""max_width_2000"": 1600, ""max_height_2000"": 1067, ""url_max_2000"": ""https://live.staticflickr.com/8061/8189864432_d646b977ce_h.jpg"", ""flickr_page"": ""https://www.flickr.com/photos/27792531@N02/8189864432"", ""camera"": ""Fujifilm X-E1"", ""create_date"": ""2012:11:15 17:06:06"", ""lens_model"": ""XF35mmF1.4 R"", ""iso"": ""3200"", ""exposure_time"": ""1/250"", ""exposure_program"": ""Manual"", ""exposure_compensation"": ""0"", ""aperture"": ""4.0"", ""focal_length"": ""35.0 mm"", ""focal_length_in35mm"": ""53 mm"", ""white_balance"": ""Auto"", ""metering_mode"": ""Multi-segment"", ""flash"": ""Off, Did not fire"", ""pageid"": ""2004""}"
8189865826|27792531@N02|2004|Fujifilm X-E1|Fujifilm|27792531@N02_Fujifilm_b518bd16.json|"{""id"": ""8189865826"", ""owner"": ""27792531@N02"", ""title"": ""DSCF7855"", ""realname"": """", ""ownername"": ""YangChen(TW)"", ""datetaken"": ""2012-11-15 17:05:10"", ""max_width"": 4896, ""max_height"": 3264, ""url_max"": ""https://live.staticflickr.com/8059/8189865826_f61f3738e8_o.jpg"", ""max_width_2000"": 1600, ""max_height_2000"": 1067, ""url_max_2000"": ""https://live.staticflickr.com/8059/8189865826_1115e781a3_h.jpg"", ""flickr_page"": ""https://www.flickr.com/photos/27792531@N02/8189865826"", ""camera"": ""Fujifilm X-E1"", ""create_date"": ""2012:11:15 17:05:10"", ""lens_model"": ""XF35mmF1.4 R"", ""iso"": ""640"", ""exposure_time"": ""1/52"", ""exposure_program"": ""Aperture-priority AE"", ""exposure_compensation"": ""+0.33"", ""aperture"": ""4.0"", ""focal_length"": ""35.0 mm"", ""focal_length_in35mm"": ""53 mm"", ""white_balance"": ""Auto"", ""metering_mode"": ""Multi-segment"", ""flash"": ""Off, Did not fire"", ""pageid"": ""2004""}"
8189863880|27792531@N02|2004|Fujifilm X-E1|Fujifilm|27792531@N02_Fujifilm_b518bd16.json|"{""id"": ""8189863880"", ""owner"": ""27792531@N02"", ""title"": ""DSCF7865"", ""realname"": """", ""ownername"": ""YangChen(TW)"", ""datetaken"": ""2012-11-15 17:06:59"", ""max_width"": 4896, ""max_height"": 3264, ""url_max"": ""https://live.staticflickr.com/8197/8189863880_e51342d7af_o.jpg"", ""max_width_2000"": 1600, ""max_height_2000"": 1067, ""url_max_2000"": ""https://live.staticflickr.com/8197/8189863880_a8bbd9fa16_h.jpg"", ""flickr_page"": ""https://www.flickr.com/photos/27792531@N02/8189863880"", ""camera"": ""Fujifilm X-E1"", ""create_date"": ""2012:11:15 17:06:59"", ""lens_model"": ""XF35mmF1.4 R"", ""iso"": ""3200"", ""exposure_time"": ""1/160"", ""exposure_program"": ""Manual"", ""exposure_compensation"": ""0"", ""aperture"": ""4.0"", ""focal_length"": ""35.0 mm"", ""focal_length_in35mm"": ""53 mm"", ""white_balance"": ""Auto"", ""metering_mode"": ""Multi-segment"", ""flash"": ""Off, Did not fire"", ""pageid"": ""2004""}"
8188787645|27792531@N02|2005|Fujifilm X-E1|Fujifilm|27792531@N02_Fujifilm_b518bd16.json|"{""id"": ""8188787645"", ""owner"": ""27792531@N02"", ""title"": ""DSCF7849"", ""realname"": """", ""ownername"": ""YangChen(TW)"", ""datetaken"": ""2012-11-15 16:53:20"", ""max_width"": 4896, ""max_height"": 3264, ""url_max"": ""https://live.staticflickr.com/8208/8188787645_d70ac627fe_o.jpg"", ""max_width_2000"": 1600, ""max_height_2000"": 1067, ""url_max_2000"": ""https://live.staticflickr.com/8208/8188787645_84cd745dea_h.jpg"", ""flickr_page"": ""https://www.flickr.com/photos/27792531@N02/8188787645"", ""camera"": ""Fujifilm X-E1"", ""create_date"": ""2012:11:15 16:53:20"", ""lens_model"": ""XF35mmF1.4 R"", ""iso"": ""400"", ""exposure_time"": ""1/90"", ""exposure_program"": ""Aperture-priority AE"", ""exposure_compensation"": ""0"", ""aperture"": ""4.0"", ""focal_length"": ""35.0 mm"", ""focal_length_in35mm"": ""53 mm"", ""white_balance"": ""Auto"", ""metering_mode"": ""Multi-segment"", ""flash"": ""Off, Did not fire"", ""pageid"": ""2005""}"
8188789175|27792531@N02|2005|Fujifilm X-E1|Fujifilm|27792531@N02_Fujifilm_b518bd16.json|"{""id"": ""8188789175"", ""owner"": ""27792531@N02"", ""title"": ""DSCF7840"", ""realname"": """", ""ownername"": ""YangChen(TW)"", ""datetaken"": ""2012-11-15 16:45:51"", ""max_width"": 4896, ""max_height"": 3264, ""url_max"": ""https://live.staticflickr.com/8343/8188789175_0484391e35_o.jpg"", ""max_width_2000"": 1600, ""max_height_2000"": 1067, ""url_max_2000"": ""https://live.staticflickr.com/8343/8188789175_a52b4a2125_h.jpg"", ""flickr_page"": ""https://www.flickr.com/photos/27792531@N02/8188789175"", ""camera"": ""Fujifilm X-E1"", ""create_date"": ""2012:11:15 16:45:51"", ""lens_model"": ""XF35mmF1.4 R"", ""iso"": ""400"", ""exposure_time"": ""1/75"", ""exposure_program"": ""Aperture-priority AE"", ""exposure_compensation"": ""+0.67"", ""aperture"": ""4.0"", ""focal_length"": ""35.0 mm"", ""focal_length_in35mm"": ""53 mm"", ""white_balance"": ""Auto"", ""metering_mode"": ""Multi-segment"", ""flash"": ""Off, Did not fire"", ""pageid"": ""2005""}"
8188788797|27792531@N02|2005|Fujifilm X-E1|Fujifilm|27792531@N02_Fujifilm_b518bd16.json|"{""id"": ""8188788797"", ""owner"": ""27792531@N02"", ""title"": ""DSCF7844"", ""realname"": """", ""ownername"": ""YangChen(TW)"", ""datetaken"": ""2012-11-15 16:49:15"", ""max_width"": 4896, ""max_height"": 3264, ""url_max"": ""https://live.staticflickr.com/8339/8188788797_3a123102f9_o.jpg"", ""max_width_2000"": 1365, ""max_height_2000"": 2048, ""url_max_2000"": ""https://live.staticflickr.com/8339/8188788797_b06e3287a8_k.jpg"", ""flickr_page"": ""https://www.flickr.com/photos/27792531@N02/8188788797"", ""camera"": ""Fujifilm X-E1"", ""create_date"": ""2012:11:15 16:49:15"", ""lens_model"": ""XF35mmF1.4 R"", ""iso"": ""400"", ""exposure_time"": ""1/56"", ""exposure_program"": ""Aperture-priority AE"", ""exposure_compensation"": ""+0.33"", ""aperture"": ""4.0"", ""focal_length"": ""35.0 mm"", ""focal_length_in35mm"": ""53 mm"", ""white_balance"": ""Auto"", ""metering_mode"": ""Multi-segment"", ""flash"": ""Off, Did not fire"", ""pageid"": ""2005""}"
8188787161|27792531@N02|2005|Fujifilm X-E1|Fujifilm|27792531@N02_Fujifilm_b518bd16.json|"{""id"": ""8188787161"", ""owner"": ""27792531@N02"", ""title"": ""DSCF7852"", ""realname"": """", ""ownername"": ""YangChen(TW)"", ""datetaken"": ""2012-11-15 17:03:49"", ""max_width"": 4896, ""max_height"": 3264, ""url_max"": ""https://live.staticflickr.com/8341/8188787161_4307520565_o.jpg"", ""max_width_2000"": 1600, ""max_height_2000"": 1067, ""url_max_2000"": ""https://live.staticflickr.com/8341/8188787161_7567e7f8e6_h.jpg"", ""flickr_page"": ""https://www.flickr.com/photos/27792531@N02/8188787161"", ""camera"": ""Fujifilm X-E1"", ""create_date"": ""2012:11:15 17:03:49"", ""lens_model"": ""XF35mmF1.4 R"", ""iso"": ""400"", ""exposure_time"": ""1/350"", ""exposure_program"": ""Program AE"", ""exposure_compensation"": ""0"", ""aperture"": ""6.4"", ""focal_length"": ""35.0 mm"", ""focal_length_in35mm"": ""53 mm"", ""white_balance"": ""Auto"", ""metering_mode"": ""Multi-segment"", ""flash"": ""Off, Did not fire"", ""pageid"": ""2005""}"
8188786905|27792531@N02|2005|Fujifilm X-E1|Fujifilm|27792531@N02_Fujifilm_b518bd16.json|"{""id"": ""8188786905"", ""owner"": ""27792531@N02"", ""title"": ""DSCF7853"", ""realname"": """", ""ownername"": ""YangChen(TW)"", ""datetaken"": ""2012-11-15 17:04:59"", ""max_width"": 4896, ""max_height"": 3264, ""url_max"": ""https://live.staticflickr.com/8207/8188786905_c4c9a926a2_o.jpg"", ""max_width_2000"": 1365, ""max_height_2000"": 2048, ""url_max_2000"": ""https://live.staticflickr.com/8207/8188786905_f2fcab13d7_k.jpg"", ""flickr_page"": ""https://www.flickr.com/photos/27792531@N02/8188786905"", ""camera"": ""Fujifilm X-E1"", ""create_date"": ""2012:11:15 17:04:59"", ""lens_model"": ""XF35mmF1.4 R"", ""iso"": ""640"", ""exposure_time"": ""1/52"", ""exposure_program"": ""Aperture-priority AE"", ""exposure_compensation"": ""+0.33"", ""aperture"": ""4.0"", ""focal_length"": ""35.0 mm"", ""focal_length_in35mm"": ""53 mm"", ""white_balance"": ""Auto"", ""metering_mode"": ""Multi-segment"", ""flash"": ""Off, Did not fire"", ""pageid"": ""2005""}"
8188792339|27792531@N02|2005|Fujifilm X-E1|Fujifilm|27792531@N02_Fujifilm_b518bd16.json|"{""id"": ""8188792339"", ""owner"": ""27792531@N02"", ""title"": ""DSCF7828"", ""realname"": """", ""ownername"": ""YangChen(TW)"", ""datetaken"": ""2012-11-15 16:38:15"", ""max_width"": 4896, ""max_height"": 3264, ""url_max"": ""https://live.staticflickr.com/8197/8188792339_f32d3515dd_o.jpg"", ""max_width_2000"": 1365, ""max_height_2000"": 2048, ""url_max_2000"": ""https://live.staticflickr.com/8197/8188792339_187e96be59_k.jpg"", ""flickr_page"": ""https://www.flickr.com/photos/27792531@N02/8188792339"", ""camera"": ""Fujifilm X-E1"", ""create_date"": ""2012:11:15 16:38:15"", ""lens_model"": ""XF35mmF1.4 R"", ""iso"": ""800"", ""exposure_time"": ""1/52"", ""exposure_program"": ""Aperture-priority AE"", ""exposure_compensation"": ""+1"", ""aperture"": ""7.1"", ""focal_length"": ""35.0 mm"", ""focal_length_in35mm"": ""53 mm"", ""white_balance"": ""Auto"", ""metering_mode"": ""Multi-segment"", ""flash"": ""Off, Did not fire"", ""pageid"": ""2005""}"
8188791893|27792531@N02|2005|Fujifilm X-E1|Fujifilm|27792531@N02_Fujifilm_b518bd16.json|"{""id"": ""8188791893"", ""owner"": ""27792531@N02"", ""title"": ""DSCF7829"", ""realname"": """", ""ownername"": ""YangChen(TW)"", ""datetaken"": ""2012-11-15 16:38:16"", ""max_width"": 4896, ""max_height"": 3264, ""url_max"": ""https://live.staticflickr.com/8487/8188791893_d6a5f32726_o.jpg"", ""max_width_2000"": 1365, ""max_height_2000"": 2048, ""url_max_2000"": ""https://live.staticflickr.com/8487/8188791893_4df5f1ce19_k.jpg"", ""flickr_page"": ""https://www.flickr.com/photos/27792531@N02/8188791893"", ""camera"": ""Fujifilm X-E1"", ""create_date"": ""2012:11:15 16:38:16"", ""lens_model"": ""XF35mmF1.4 R"", ""iso"": ""1000"", ""exposure_time"": ""1/52"", ""exposure_program"": ""Aperture-priority AE"", ""exposure_compensation"": ""+1"", ""aperture"": ""7.1"", ""focal_length"": ""35.0 mm"", ""focal_length_in35mm"": ""53 mm"", ""white_balance"": ""Auto"", ""metering_mode"": ""Multi-segment"", ""flash"": ""Off, Did not fire"", ""pageid"": ""2005""}"
8188791397|27792531@N02|2005|Fujifilm X-E1|Fujifilm|27792531@N02_Fujifilm_b518bd16.json|"{""id"": ""8188791397"", ""owner"": ""27792531@N02"", ""title"": ""DSCF7831"", ""realname"": """", ""ownername"": ""YangChen(TW)"", ""datetaken"": ""2012-11-15 16:40:39"", ""max_width"": 4896, ""max_height"": 3264, ""url_max"": ""https://live.staticflickr.com/8197/8188791397_7117ce601a_o.jpg"", ""max_width_2000"": 1600, ""max_height_2000"": 1067, ""url_max_2000"": ""https://live.staticflickr.com/8197/8188791397_4220b388f1_h.jpg"", ""flickr_page"": ""https://www.flickr.com/photos/27792531@N02/8188791397"", ""camera"": ""Fujifilm X-E1"", ""create_date"": ""2012:11:15 16:40:39"", ""lens_model"": ""XF35mmF1.4 R"", ""iso"": ""400"", ""exposure_time"": ""1/125"", ""exposure_program"": ""Aperture-priority AE"", ""exposure_compensation"": ""+0.67"", ""aperture"": ""4.0"", ""focal_length"": ""35.0 mm"", ""focal_length_in35mm"": ""53 mm"", ""white_balance"": ""Auto"", ""metering_mode"": ""Multi-segment"", ""flash"": ""Off, Did not fire"", ""pageid"": ""2005""}"
8188789593|27792531@N02|2005|Fujifilm X-E1|Fujifilm|27792531@N02_Fujifilm_b518bd16.json|"{""id"": ""8188789593"", ""owner"": ""27792531@N02"", ""title"": ""DSCF7839"", ""realname"": """", ""ownername"": ""YangChen(TW)"", ""datetaken"": ""2012-11-15 16:45:49"", ""max_width"": 4896, ""max_height"": 3264, ""url_max"": ""https://live.staticflickr.com/8067/8188789593_aac3141b36_o.jpg"", ""max_width_2000"": 1600, ""max_height_2000"": 1067, ""url_max_2000"": ""https://live.staticflickr.com/8067/8188789593_3910370bf6_h.jpg"", ""flickr_page"": ""https://www.flickr.com/photos/27792531@N02/8188789593"", ""camera"": ""Fujifilm X-E1"", ""create_date"": ""2012:11:15 16:45:49"", ""lens_model"": ""XF35mmF1.4 R"", ""iso"": ""400"", ""exposure_time"": ""1/85"", ""exposure_program"": ""Aperture-priority AE"", ""exposure_compensation"": ""+0.67"", ""aperture"": ""4.0"", ""focal_length"": ""35.0 mm"", ""focal_length_in35mm"": ""53 mm"", ""white_balance"": ""Auto"", ""metering_mode"": ""Multi-segment"", ""flash"": ""Off, Did not fire"", ""pageid"": ""2005""}"
8188790371|27792531@N02|2005|Fujifilm X-E1|Fujifilm|27792531@N02_Fujifilm_b518bd16.json|"{""id"": ""8188790371"", ""owner"": ""27792531@N02"", ""title"": ""DSCF7836"", ""realname"": """", ""ownername"": ""YangChen(TW)"", ""datetaken"": ""2012-11-15 16:45:39"", ""max_width"": 4896, ""max_height"": 3264, ""url_max"": ""https://live.staticflickr.com/8198/8188790371_8808bc41e9_o.jpg"", ""max_width_2000"": 1600, ""max_height_2000"": 1067, ""url_max_2000"": ""https://live.staticflickr.com/8198/8188790371_f0c9e1d533_h.jpg"", ""flickr_page"": ""https://www.flickr.com/photos/27792531@N02/8188790371"", ""camera"": ""Fujifilm X-E1"", ""create_date"": ""2012:11:15 16:45:39"", ""lens_model"": ""XF35mmF1.4 R"", ""iso"": ""400"", ""exposure_time"": ""1/58"", ""exposure_program"": ""Aperture-priority AE"", ""exposure_compensation"": ""+1"", ""aperture"": ""4.0"", ""focal_length"": ""35.0 mm"", ""focal_length_in35mm"": ""53 mm"", ""white_balance"": ""Auto"", ""metering_mode"": ""Multi-segment"", ""flash"": ""Off, Did not fire"", ""pageid"": ""2005""}"
8188793669|27792531@N02|2005|Fujifilm X-E1|Fujifilm|27792531@N02_Fujifilm_b518bd16.json|"{""id"": ""8188793669"", ""owner"": ""27792531@N02"", ""title"": ""DSCF7825"", ""realname"": """", ""ownername"": ""YangChen(TW)"", ""datetaken"": ""2012-11-15 16:36:01"", ""max_width"": 4896, ""max_height"": 3264, ""url_max"": ""https://live.staticflickr.com/8490/8188793669_af324df8dc_o.jpg"", ""max_width_2000"": 1365, ""max_height_2000"": 2048, ""url_max_2000"": ""https://live.staticflickr.com/8490/8188793669_45244b936c_k.jpg"", ""flickr_page"": ""https://www.flickr.com/photos/27792531@N02/8188793669"", ""camera"": ""Fujifilm X-E1"", ""create_date"": ""2012:11:15 16:36:01"", ""lens_model"": ""XF35mmF1.4 R"", ""iso"": ""800"", ""exposure_time"": ""1/52"", ""exposure_program"": ""Aperture-priority AE"", ""exposure_compensation"": ""+1.33"", ""aperture"": ""5.6"", ""focal_length"": ""35.0 mm"", ""focal_length_in35mm"": ""53 mm"", ""white_balance"": ""Auto"", ""metering_mode"": ""Multi-segment"", ""flash"": ""Off, Did not fire"", ""pageid"": ""2005""}"
8188793993|27792531@N02|2005|Fujifilm X-E1|Fujifilm|27792531@N02_Fujifilm_b518bd16.json|"{""id"": ""8188793993"", ""owner"": ""27792531@N02"", ""title"": ""DSCF7823"", ""realname"": """", ""ownername"": ""YangChen(TW)"", ""datetaken"": ""2012-11-15 16:35:57"", ""max_width"": 4896, ""max_height"": 3264, ""url_max"": ""https://live.staticflickr.com/8338/8188793993_6fd19c3abf_o.jpg"", ""max_width_2000"": 1365, ""max_height_2000"": 2048, ""url_max_2000"": ""https://live.staticflickr.com/8338/8188793993_9945e69038_k.jpg"", ""flickr_page"": ""https://www.flickr.com/photos/27792531@N02/8188793993"", ""camera"": ""Fujifilm X-E1"", ""create_date"": ""2012:11:15 16:35:57"", ""lens_model"": ""XF35mmF1.4 R"", ""iso"": ""800"", ""exposure_time"": ""1/52"", ""exposure_program"": ""Aperture-priority AE"", ""exposure_compensation"": ""+1.33"", ""aperture"": ""5.6"", ""focal_length"": ""35.0 mm"", ""focal_length_in35mm"": ""53 mm"", ""white_balance"": ""Auto"", ""metering_mode"": ""Multi-segment"", ""flash"": ""Off, Did not fire"", ""pageid"": ""2005""}"
8189869574|27792531@N02|2005|Fujifilm X-E1|Fujifilm|27792531@N02_Fujifilm_b518bd16.json|"{""id"": ""8189869574"", ""owner"": ""27792531@N02"", ""title"": ""DSCF7837"", ""realname"": """", ""ownername"": ""YangChen(TW)"", ""datetaken"": ""2012-11-15 16:45:43"", ""max_width"": 4896, ""max_height"": 3264, ""url_max"": ""https://live.staticflickr.com/8204/8189869574_a054289f7e_o.jpg"", ""max_width_2000"": 1600, ""max_height_2000"": 1067, ""url_max_2000"": ""https://live.staticflickr.com/8204/8189869574_7621838bbd_h.jpg"", ""flickr_page"": ""https://www.flickr.com/photos/27792531@N02/8189869574"", ""camera"": ""Fujifilm X-E1"", ""create_date"": ""2012:11:15 16:45:43"", ""lens_model"": ""XF35mmF1.4 R"", ""iso"": ""400"", ""exposure_time"": ""1/90"", ""exposure_program"": ""Aperture-priority AE"", ""exposure_compensation"": ""+0.67"", ""aperture"": ""4.0"", ""focal_length"": ""35.0 mm"", ""focal_length_in35mm"": ""53 mm"", ""white_balance"": ""Auto"", ""metering_mode"": ""Multi-segment"", ""flash"": ""Off, Did not fire"", ""pageid"": ""2005""}"
8188795947|27792531@N02|2005|Fujifilm X-E1|Fujifilm|27792531@N02_Fujifilm_b518bd16.json|"{""id"": ""8188795947"", ""owner"": ""27792531@N02"", ""title"": ""DSCF7814"", ""realname"": """", ""ownername"": ""YangChen(TW)"", ""datetaken"": ""2012-11-15 16:33:05"", ""max_width"": 4896, ""max_height"": 3264, ""url_max"": ""https://live.staticflickr.com/8209/8188795947_82a12727f8_o.jpg"", ""max_width_2000"": 1600, ""max_height_2000"": 1067, ""url_max_2000"": ""https://live.staticflickr.com/8209/8188795947_92e6821b40_h.jpg"", ""flickr_page"": ""https://www.flickr.com/photos/27792531@N02/8188795947"", ""camera"": ""Fujifilm X-E1"", ""create_date"": ""2012:11:15 16:33:05"", ""lens_model"": ""XF35mmF1.4 R"", ""iso"": ""400"", ""exposure_time"": ""1/75"", ""exposure_program"": ""Aperture-priority AE"", ""exposure_compensation"": ""0"", ""aperture"": ""8.0"", ""focal_length"": ""35.0 mm"", ""focal_length_in35mm"": ""53 mm"", ""white_balance"": ""Auto"", ""metering_mode"": ""Multi-segment"", ""flash"": ""Off, Did not fire"", ""pageid"": ""2005""}"
8188794385|27792531@N02|2005|Fujifilm X-E1|Fujifilm|27792531@N02_Fujifilm_b518bd16.json|"{""id"": ""8188794385"", ""owner"": ""27792531@N02"", ""title"": ""DSCF7822"", ""realname"": """", ""ownername"": ""YangChen(TW)"", ""datetaken"": ""2012-11-15 16:35:55"", ""max_width"": 4896, ""max_height"": 3264, ""url_max"": ""https://live.staticflickr.com/8059/8188794385_23311efac7_o.jpg"", ""max_width_2000"": 1365, ""max_height_2000"": 2048, ""url_max_2000"": ""https://live.staticflickr.com/8059/8188794385_e02cb22d90_k.jpg"", ""flickr_page"": ""https://www.flickr.com/photos/27792531@N02/8188794385"", ""camera"": ""Fujifilm X-E1"", ""create_date"": ""2012:11:15 16:35:55"", ""lens_model"": ""XF35mmF1.4 R"", ""iso"": ""640"", ""exposure_time"": ""1/52"", ""exposure_program"": ""Aperture-priority AE"", ""exposure_compensation"": ""+1.33"", ""aperture"": ""5.6"", ""focal_length"": ""35.0 mm"", ""focal_length_in35mm"": ""53 mm"", ""white_balance"": ""Auto"", ""metering_mode"": ""Multi-segment"", ""flash"": ""Off, Did not fire"", ""pageid"": ""2005""}"
8189867532|27792531@N02|2005|Fujifilm X-E1|Fujifilm|27792531@N02_Fujifilm_b518bd16.json|"{""id"": ""8189867532"", ""owner"": ""27792531@N02"", ""title"": ""DSCF7847"", ""realname"": """", ""ownername"": ""YangChen(TW)"", ""datetaken"": ""2012-11-15 16:50:09"", ""max_width"": 4896, ""max_height"": 3264, ""url_max"": ""https://live.staticflickr.com/8487/8189867532_c5f9307e8e_o.jpg"", ""max_width_2000"": 1365, ""max_height_2000"": 2048, ""url_max_2000"": ""https://live.staticflickr.com/8487/8189867532_bd126b423f_k.jpg"", ""flickr_page"": ""https://www.flickr.com/photos/27792531@N02/8189867532"", ""camera"": ""Fujifilm X-E1"", ""create_date"": ""2012:11:15 16:50:09"", ""lens_model"": ""XF35mmF1.4 R"", ""iso"": ""400"", ""exposure_time"": ""1/56"", ""exposure_program"": ""Aperture-priority AE"", ""exposure_compensation"": ""+1"", ""aperture"": ""4.0"", ""focal_length"": ""35.0 mm"", ""focal_length_in35mm"": ""53 mm"", ""white_balance"": ""Auto"", ""metering_mode"": ""Multi-segment"", ""flash"": ""Off, Did not fire"", ""pageid"": ""2005""}"
8188796441|27792531@N02|2005|Fujifilm X-E1|Fujifilm|27792531@N02_Fujifilm_b518bd16.json|"{""id"": ""8188796441"", ""owner"": ""27792531@N02"", ""title"": ""DSCF7812"", ""realname"": """", ""ownername"": ""YangChen(TW)"", ""datetaken"": ""2012-11-15 16:29:30"", ""max_width"": 4896, ""max_height"": 3264, ""url_max"": ""https://live.staticflickr.com/8069/8188796441_14b92c3c42_o.jpg"", ""max_width_2000"": 1365, ""max_height_2000"": 2048, ""url_max_2000"": ""https://live.staticflickr.com/8069/8188796441_1c71c63eee_k.jpg"", ""flickr_page"": ""https://www.flickr.com/photos/27792531@N02/8188796441"", ""camera"": ""Fujifilm X-E1"", ""create_date"": ""2012:11:15 16:29:30"", ""lens_model"": ""XF35mmF1.4 R"", ""iso"": ""400"", ""exposure_time"": ""1/75"", ""exposure_program"": ""Aperture-priority AE"", ""exposure_compensation"": ""+0.33"", ""aperture"": ""5.6"", ""focal_length"": ""35.0 mm"", ""focal_length_in35mm"": ""53 mm"", ""white_balance"": ""Auto"", ""metering_mode"": ""Multi-segment"", ""flash"": ""Off, Did not fire"", ""pageid"": ""2005""}"
8188795367|27792531@N02|2005|Fujifilm X-E1|Fujifilm|27792531@N02_Fujifilm_b518bd16.json|"{""id"": ""8188795367"", ""owner"": ""27792531@N02"", ""title"": ""DSCF7815"", ""realname"": """", ""ownername"": ""YangChen(TW)"", ""datetaken"": ""2012-11-15 16:34:31"", ""max_width"": 4896, ""max_height"": 3264, ""url_max"": ""https://live.staticflickr.com/8066/8188795367_2a733fc3fc_o.jpg"", ""max_width_2000"": 1365, ""max_height_2000"": 2048, ""url_max_2000"": ""https://live.staticflickr.com/8066/8188795367_a07670c261_k.jpg"", ""flickr_page"": ""https://www.flickr.com/photos/27792531@N02/8188795367"", ""camera"": ""Fujifilm X-E1"", ""create_date"": ""2012:11:15 16:34:31"", ""lens_model"": ""XF35mmF1.4 R"", ""iso"": ""500"", ""exposure_time"": ""1/52"", ""exposure_program"": ""Aperture-priority AE"", ""exposure_compensation"": ""+0.67"", ""aperture"": ""8.0"", ""focal_length"": ""35.0 mm"", ""focal_length_in35mm"": ""53 mm"", ""white_balance"": ""Auto"", ""metering_mode"": ""Multi-segment"", ""flash"": ""Off, Did not fire"", ""pageid"": ""2005""}"
8189867852|27792531@N02|2005|Fujifilm X-E1|Fujifilm|27792531@N02_Fujifilm_b518bd16.json|"{""id"": ""8189867852"", ""owner"": ""27792531@N02"", ""title"": ""DSCF7845"", ""realname"": """", ""ownername"": ""YangChen(TW)"", ""datetaken"": ""2012-11-15 16:49:32"", ""max_width"": 4896, ""max_height"": 3264, ""url_max"": ""https://live.staticflickr.com/8057/8189867852_0b7696febf_o.jpg"", ""max_width_2000"": 1600, ""max_height_2000"": 1067, ""url_max_2000"": ""https://live.staticflickr.com/8057/8189867852_b5d70d06aa_h.jpg"", ""flickr_page"": ""https://www.flickr.com/photos/27792531@N02/8189867852"", ""camera"": ""Fujifilm X-E1"", ""create_date"": ""2012:11:15 16:49:32"", ""lens_model"": ""XF35mmF1.4 R"", ""iso"": ""500"", ""exposure_time"": ""1/52"", ""exposure_program"": ""Aperture-priority AE"", ""exposure_compensation"": ""+1"", ""aperture"": ""4.0"", ""focal_length"": ""35.0 mm"", ""focal_length_in35mm"": ""53 mm"", ""white_balance"": ""Auto"", ""metering_mode"": ""Multi-segment"", ""flash"": ""Off, Did not fire"", ""pageid"": ""2005""}"
8189870370|27792531@N02|2005|Fujifilm X-E1|Fujifilm|27792531@N02_Fujifilm_b518bd16.json|"{""id"": ""8189870370"", ""owner"": ""27792531@N02"", ""title"": ""DSCF7835"", ""realname"": """", ""ownername"": ""YangChen(TW)"", ""datetaken"": ""2012-11-15 16:40:59"", ""max_width"": 4896, ""max_height"": 3264, ""url_max"": ""https://live.staticflickr.com/8209/8189870370_fb201d9c91_o.jpg"", ""max_width_2000"": 1600, ""max_height_2000"": 1067, ""url_max_2000"": ""https://live.staticflickr.com/8209/8189870370_5d9927c581_h.jpg"", ""flickr_page"": ""https://www.flickr.com/photos/27792531@N02/8189870370"", ""camera"": ""Fujifilm X-E1"", ""create_date"": ""2012:11:15 16:40:59"", ""lens_model"": ""XF35mmF1.4 R"", ""iso"": ""400"", ""exposure_time"": ""1/120"", ""exposure_program"": ""Aperture-priority AE"", ""exposure_compensation"": ""+0.67"", ""aperture"": ""4.0"", ""focal_length"": ""35.0 mm"", ""focal_length_in35mm"": ""53 mm"", ""white_balance"": ""Auto"", ""metering_mode"": ""Multi-segment"", ""flash"": ""Off, Did not fire"", ""pageid"": ""2005""}"
8189870718|27792531@N02|2005|Fujifilm X-E1|Fujifilm|27792531@N02_Fujifilm_b518bd16.json|"{""id"": ""8189870718"", ""owner"": ""27792531@N02"", ""title"": ""DSCF7832"", ""realname"": """", ""ownername"": ""YangChen(TW)"", ""datetaken"": ""2012-11-15 16:40:45"", ""max_width"": 4896, ""max_height"": 3264, ""url_max"": ""https://live.staticflickr.com/8343/8189870718_bf4d9d259e_o.jpg"", ""max_width_2000"": 1600, ""max_height_2000"": 1067, ""url_max_2000"": ""https://live.staticflickr.com/8343/8189870718_17aa7466cb_h.jpg"", ""flickr_page"": ""https://www.flickr.com/photos/27792531@N02/8189870718"", ""camera"": ""Fujifilm X-E1"", ""create_date"": ""2012:11:15 16:40:45"", ""lens_model"": ""XF35mmF1.4 R"", ""iso"": ""400"", ""exposure_time"": ""1/120"", ""exposure_program"": ""Aperture-priority AE"", ""exposure_compensation"": ""+0.67"", ""aperture"": ""4.0"", ""focal_length"": ""35.0 mm"", ""focal_length_in35mm"": ""53 mm"", ""white_balance"": ""Auto"", ""metering_mode"": ""Multi-segment"", ""flash"": ""Off, Did not fire"", ""pageid"": ""2005""}"
8189872496|27792531@N02|2005|Fujifilm X-E1|Fujifilm|27792531@N02_Fujifilm_b518bd16.json|"{""id"": ""8189872496"", ""owner"": ""27792531@N02"", ""title"": ""DSCF7827"", ""realname"": """", ""ownername"": ""YangChen(TW)"", ""datetaken"": ""2012-11-15 16:38:10"", ""max_width"": 4896, ""max_height"": 3264, ""url_max"": ""https://live.staticflickr.com/8339/8189872496_b06f6fae2f_o.jpg"", ""max_width_2000"": 1365, ""max_height_2000"": 2048, ""url_max_2000"": ""https://live.staticflickr.com/8339/8189872496_c07b747069_k.jpg"", ""flickr_page"": ""https://www.flickr.com/photos/27792531@N02/8189872496"", ""camera"": ""Fujifilm X-E1"", ""create_date"": ""2012:11:15 16:38:10"", ""lens_model"": ""XF35mmF1.4 R"", ""iso"": ""800"", ""exposure_time"": ""1/52"", ""exposure_program"": ""Aperture-priority AE"", ""exposure_compensation"": ""+1"", ""aperture"": ""7.1"", ""focal_length"": ""35.0 mm"", ""focal_length_in35mm"": ""53 mm"", ""white_balance"": ""Auto"", ""metering_mode"": ""Multi-segment"", ""flash"": ""Off, Did not fire"", ""pageid"": ""2005""}"
8189872938|27792531@N02|2005|Fujifilm X-E1|Fujifilm|27792531@N02_Fujifilm_b518bd16.json|"{""id"": ""8189872938"", ""owner"": ""27792531@N02"", ""title"": ""DSCF7826"", ""realname"": """", ""ownername"": ""YangChen(TW)"", ""datetaken"": ""2012-11-15 16:38:08"", ""max_width"": 4896, ""max_height"": 3264, ""url_max"": ""https://live.staticflickr.com/8479/8189872938_4908d88b9b_o.jpg"", ""max_width_2000"": 1365, ""max_height_2000"": 2048, ""url_max_2000"": ""https://live.staticflickr.com/8479/8189872938_32822de8dd_k.jpg"", ""flickr_page"": ""https://www.flickr.com/photos/27792531@N02/8189872938"", ""camera"": ""Fujifilm X-E1"", ""create_date"": ""2012:11:15 16:38:08"", ""lens_model"": ""XF35mmF1.4 R"", ""iso"": ""1000"", ""exposure_time"": ""1/52"", ""exposure_program"": ""Aperture-priority AE"", ""exposure_compensation"": ""+1"", ""aperture"": ""7.1"", ""focal_length"": ""35.0 mm"", ""focal_length_in35mm"": ""53 mm"", ""white_balance"": ""Auto"", ""metering_mode"": ""Multi-segment"", ""flash"": ""Off, Did not fire"", ""pageid"": ""2005""}"
8189874492|27792531@N02|2005|Fujifilm X-E1|Fujifilm|27792531@N02_Fujifilm_b518bd16.json|"{""id"": ""8189874492"", ""owner"": ""27792531@N02"", ""title"": ""DSCF7818"", ""realname"": """", ""ownername"": ""YangChen(TW)"", ""datetaken"": ""2012-11-15 16:35:21"", ""max_width"": 4896, ""max_height"": 3264, ""url_max"": ""https://live.staticflickr.com/8337/8189874492_0da4968971_o.jpg"", ""max_width_2000"": 1600, ""max_height_2000"": 1067, ""url_max_2000"": ""https://live.staticflickr.com/8337/8189874492_276b2c445a_h.jpg"", ""flickr_page"": ""https://www.flickr.com/photos/27792531@N02/8189874492"", ""camera"": ""Fujifilm X-E1"", ""create_date"": ""2012:11:15 16:35:21"", ""lens_model"": ""XF35mmF1.4 R"", ""iso"": ""640"", ""exposure_time"": ""1/52"", ""exposure_program"": ""Aperture-priority AE"", ""exposure_compensation"": ""+1"", ""aperture"": ""5.6"", ""focal_length"": ""35.0 mm"", ""focal_length_in35mm"": ""53 mm"", ""white_balance"": ""Auto"", ""metering_mode"": ""Multi-segment"", ""flash"": ""Off, Did not fire"", ""pageid"": ""2005""}"
8189876820|27792531@N02|2005|Fujifilm X-E1|Fujifilm|27792531@N02_Fujifilm_b518bd16.json|"{""id"": ""8189876820"", ""owner"": ""27792531@N02"", ""title"": ""DSCF7809"", ""realname"": """", ""ownername"": ""YangChen(TW)"", ""datetaken"": ""2012-11-15 16:28:52"", ""max_width"": 4896, ""max_height"": 3264, ""url_max"": ""https://live.staticflickr.com/8198/8189876820_7b3928608e_o.jpg"", ""max_width_2000"": 1365, ""max_height_2000"": 2048, ""url_max_2000"": ""https://live.staticflickr.com/8198/8189876820_cbcff841a2_k.jpg"", ""flickr_page"": ""https://www.flickr.com/photos/27792531@N02/8189876820"", ""camera"": ""Fujifilm X-E1"", ""create_date"": ""2012:11:15 16:28:52"", ""lens_model"": ""XF35mmF1.4 R"", ""iso"": ""400"", ""exposure_time"": ""1/105"", ""exposure_program"": ""Aperture-priority AE"", ""exposure_compensation"": ""+0.33"", ""aperture"": ""5.6"", ""focal_length"": ""35.0 mm"", ""focal_length_in35mm"": ""53 mm"", ""white_balance"": ""Auto"", ""metering_mode"": ""Multi-segment"", ""flash"": ""Off, Did not fire"", ""pageid"": ""2005""}"
8192386643|27792531@N02|2003|Fujifilm X-E1|Fujifilm|27792531@N02_Fujifilm_b518bd16.json|"{""id"": ""8192386643"", ""owner"": ""27792531@N02"", ""title"": ""DSCF8007"", ""realname"": """", ""ownername"": ""YangChen(TW)"", ""datetaken"": ""2012-11-17 18:48:56"", ""max_width"": 4896, ""max_height"": 3264, ""url_max"": ""https://live.staticflickr.com/8200/8192386643_bb10f38820_o.jpg"", ""max_width_2000"": 1600, ""max_height_2000"": 1067, ""url_max_2000"": ""https://live.staticflickr.com/8200/8192386643_4b99d0fe1a_h.jpg"", ""flickr_page"": ""https://www.flickr.com/photos/27792531@N02/8192386643"", ""camera"": ""Fujifilm X-E1"", ""create_date"": ""2012:11:17 18:48:56"", ""lens_model"": ""XF35mmF1.4 R"", ""iso"": ""3200"", ""exposure_time"": ""1/56"", ""exposure_program"": ""Aperture-priority AE"", ""exposure_compensation"": ""+0.67"", ""aperture"": ""4.0"", ""focal_length"": ""35.0 mm"", ""focal_length_in35mm"": ""53 mm"", ""white_balance"": ""Auto"", ""metering_mode"": ""Multi-segment"", ""flash"": ""Off, Did not fire"", ""pageid"": ""2003""}"
8192386965|27792531@N02|2003|Fujifilm X-E1|Fujifilm|27792531@N02_Fujifilm_b518bd16.json|"{""id"": ""8192386965"", ""owner"": ""27792531@N02"", ""title"": ""DSCF8004"", ""realname"": """", ""ownername"": ""YangChen(TW)"", ""datetaken"": ""2012-11-17 18:47:57"", ""max_width"": 4896, ""max_height"": 3264, ""url_max"": ""https://live.staticflickr.com/8063/8192386965_ba30a720a9_o.jpg"", ""max_width_2000"": 1600, ""max_height_2000"": 1067, ""url_max_2000"": ""https://live.staticflickr.com/8063/8192386965_ee0cf00598_h.jpg"", ""flickr_page"": ""https://www.flickr.com/photos/27792531@N02/8192386965"", ""camera"": ""Fujifilm X-E1"", ""create_date"": ""2012:11:17 18:47:57"", ""lens_model"": ""XF35mmF1.4 R"", ""iso"": ""3200"", ""exposure_time"": ""1/56"", ""exposure_program"": ""Aperture-priority AE"", ""exposure_compensation"": ""+0.33"", ""aperture"": ""4.0"", ""focal_length"": ""35.0 mm"", ""focal_length_in35mm"": ""53 mm"", ""white_balance"": ""Auto"", ""metering_mode"": ""Multi-segment"", ""flash"": ""Off, Did not fire"", ""pageid"": ""2003""}"
8192388943|27792531@N02|2003|Fujifilm X-E1|Fujifilm|27792531@N02_Fujifilm_b518bd16.json|"{""id"": ""8192388943"", ""owner"": ""27792531@N02"", ""title"": ""DSCF7981"", ""realname"": """", ""ownername"": ""YangChen(TW)"", ""datetaken"": ""2012-11-17 18:19:23"", ""max_width"": 4896, ""max_height"": 3264, ""url_max"": ""https://live.staticflickr.com/8205/8192388943_606054080e_o.jpg"", ""max_width_2000"": 1365, ""max_height_2000"": 2048, ""url_max_2000"": ""https://live.staticflickr.com/8205/8192388943_cdd164f91a_k.jpg"", ""flickr_page"": ""https://www.flickr.com/photos/27792531@N02/8192388943"", ""camera"": ""Fujifilm X-E1"", ""create_date"": ""2012:11:17 18:19:23"", ""lens_model"": ""XF35mmF1.4 R"", ""iso"": ""3200"", ""exposure_time"": ""1/30"", ""exposure_program"": ""Aperture-priority AE"", ""exposure_compensation"": ""0"", ""aperture"": ""2.8"", ""focal_length"": ""35.0 mm"", ""focal_length_in35mm"": ""53 mm"", ""white_balance"": ""Auto"", ""metering_mode"": ""Multi-segment"", ""flash"": ""Off, Did not fire"", ""pageid"": ""2003""}"
8192387209|27792531@N02|2003|Fujifilm X-E1|Fujifilm|27792531@N02_Fujifilm_b518bd16.json|"{""id"": ""8192387209"", ""owner"": ""27792531@N02"", ""title"": ""DSCF8001"", ""realname"": """", ""ownername"": ""YangChen(TW)"", ""datetaken"": ""2012-11-17 18:42:16"", ""max_width"": 4896, ""max_height"": 3264, ""url_max"": ""https://live.staticflickr.com/8069/8192387209_371062a8de_o.jpg"", ""max_width_2000"": 1600, ""max_height_2000"": 1067, ""url_max_2000"": ""https://live.staticflickr.com/8069/8192387209_a85aa9f99c_h.jpg"", ""flickr_page"": ""https://www.flickr.com/photos/27792531@N02/8192387209"", ""camera"": ""Fujifilm X-E1"", ""create_date"": ""2012:11:17 18:42:16"", ""lens_model"": ""XF35mmF1.4 R"", ""iso"": ""3200"", ""exposure_time"": ""1/45"", ""exposure_program"": ""Aperture-priority AE"", ""exposure_compensation"": ""+0.33"", ""aperture"": ""5.6"", ""focal_length"": ""35.0 mm"", ""focal_length_in35mm"": ""53 mm"", ""white_balance"": ""Auto"", ""metering_mode"": ""Multi-segment"", ""flash"": ""Off, Did not fire"", ""pageid"": ""2003""}"
8192389265|27792531@N02|2003|Fujifilm X-E1|Fujifilm|27792531@N02_Fujifilm_b518bd16.json|"{""id"": ""8192389265"", ""owner"": ""27792531@N02"", ""title"": ""DSCF7979"", ""realname"": """", ""ownername"": ""YangChen(TW)"", ""datetaken"": ""2012-11-17 18:17:47"", ""max_width"": 4896, ""max_height"": 3264, ""url_max"": ""https://live.staticflickr.com/8202/8192389265_918ef0f1da_o.jpg"", ""max_width_2000"": 1365, ""max_height_2000"": 2048, ""url_max_2000"": ""https://live.staticflickr.com/8202/8192389265_1eb72ad840_k.jpg"", ""flickr_page"": ""https://www.flickr.com/photos/27792531@N02/8192389265"", ""camera"": ""Fujifilm X-E1"", ""create_date"": ""2012:11:17 18:17:47"", ""lens_model"": ""XF35mmF1.4 R"", ""iso"": ""3200"", ""exposure_time"": ""1/52"", ""exposure_program"": ""Aperture-priority AE"", ""exposure_compensation"": ""0"", ""aperture"": ""2.8"", ""focal_length"": ""35.0 mm"", ""focal_length_in35mm"": ""53 mm"", ""white_balance"": ""Auto"", ""metering_mode"": ""Multi-segment"", ""flash"": ""Off, Did not fire"", ""pageid"": ""2003""}"
8192414565|27792531@N02|2003|Fujifilm X-E1|Fujifilm|27792531@N02_Fujifilm_b518bd16.json|"{""id"": ""8192414565"", ""owner"": ""27792531@N02"", ""title"": ""DSCF7952"", ""realname"": """", ""ownername"": ""YangChen(TW)"", ""datetaken"": ""2012-11-17 17:22:26"", ""max_width"": 4896, ""max_height"": 3264, ""url_max"": ""https://live.staticflickr.com/8487/8192414565_37b7b258fe_o.jpg"", ""max_width_2000"": 1600, ""max_height_2000"": 1067, ""url_max_2000"": ""https://live.staticflickr.com/8487/8192414565_d86158858b_h.jpg"", ""flickr_page"": ""https://www.flickr.com/photos/27792531@N02/8192414565"", ""camera"": ""Fujifilm X-E1"", ""create_date"": ""2012:11:17 17:22:26"", ""lens_model"": ""XF35mmF1.4 R"", ""iso"": ""3200"", ""exposure_time"": ""1/125"", ""exposure_program"": ""Manual"", ""exposure_compensation"": ""0"", ""aperture"": ""2.2"", ""focal_length"": ""35.0 mm"", ""focal_length_in35mm"": ""53 mm"", ""white_balance"": ""Auto"", ""metering_mode"": ""Multi-segment"", ""flash"": ""Off, Did not fire"", ""pageid"": ""2003""}"
8193472338|27792531@N02|2003|Fujifilm X-E1|Fujifilm|27792531@N02_Fujifilm_b518bd16.json|"{""id"": ""8193472338"", ""owner"": ""27792531@N02"", ""title"": ""DSCF8013"", ""realname"": """", ""ownername"": ""YangChen(TW)"", ""datetaken"": ""2012-11-17 19:35:47"", ""max_width"": 4896, ""max_height"": 3264, ""url_max"": ""https://live.staticflickr.com/8061/8193472338_dc187b4f5b_o.jpg"", ""max_width_2000"": 1600, ""max_height_2000"": 1067, ""url_max_2000"": ""https://live.staticflickr.com/8061/8193472338_9637e55e18_h.jpg"", ""flickr_page"": ""https://www.flickr.com/photos/27792531@N02/8193472338"", ""camera"": ""Fujifilm X-E1"", ""create_date"": ""2012:11:17 19:35:47"", ""lens_model"": ""XF35mmF1.4 R"", ""iso"": ""3200"", ""exposure_time"": ""1/160"", ""exposure_program"": ""Aperture-priority AE"", ""exposure_compensation"": ""+0.33"", ""aperture"": ""4.0"", ""focal_length"": ""35.0 mm"", ""focal_length_in35mm"": ""53 mm"", ""white_balance"": ""Auto"", ""metering_mode"": ""Multi-segment"", ""flash"": ""Off, Did not fire"", ""pageid"": ""2003""}"
8193471938|27792531@N02|2003|Fujifilm X-E1|Fujifilm|27792531@N02_Fujifilm_b518bd16.json|"{""id"": ""8193471938"", ""owner"": ""27792531@N02"", ""title"": ""DSCF8022"", ""realname"": """", ""ownername"": ""YangChen(TW)"", ""datetaken"": ""2012-11-17 20:07:20"", ""max_width"": 4896, ""max_height"": 3264, ""url_max"": ""https://live.staticflickr.com/8344/8193471938_9153321855_o.jpg"", ""max_width_2000"": 1600, ""max_height_2000"": 1067, ""url_max_2000"": ""https://live.staticflickr.com/8344/8193471938_f16c400f2e_h.jpg"", ""flickr_page"": ""https://www.flickr.com/photos/27792531@N02/8193471938"", ""camera"": ""Fujifilm X-E1"", ""create_date"": ""2012:11:17 20:07:20"", ""lens_model"": ""XF35mmF1.4 R"", ""iso"": ""3200"", ""exposure_time"": ""1/150"", ""exposure_program"": ""Program AE"", ""exposure_compensation"": ""+0.33"", ""aperture"": ""4.0"", ""focal_length"": ""35.0 mm"", ""focal_length_in35mm"": ""53 mm"", ""white_balance"": ""Auto"", ""metering_mode"": ""Multi-segment"", ""flash"": ""Off, Did not fire"", ""pageid"": ""2003""}"
8192414895|27792531@N02|2003|Fujifilm X-E1|Fujifilm|27792531@N02_Fujifilm_b518bd16.json|"{""id"": ""8192414895"", ""owner"": ""27792531@N02"", ""title"": ""DSCF7951"", ""realname"": """", ""ownername"": ""YangChen(TW)"", ""datetaken"": ""2012-11-17 17:22:21"", ""max_width"": 4896, ""max_height"": 3264, ""url_max"": ""https://live.staticflickr.com/8347/8192414895_844b78f78c_o.jpg"", ""max_width_2000"": 1600, ""max_height_2000"": 1067, ""url_max_2000"": ""https://live.staticflickr.com/8347/8192414895_e4bbe386f8_h.jpg"", ""flickr_page"": ""https://www.flickr.com/photos/27792531@N02/8192414895"", ""camera"": ""Fujifilm X-E1"", ""create_date"": ""2012:11:17 17:22:21"", ""lens_model"": ""XF35mmF1.4 R"", ""iso"": ""3200"", ""exposure_time"": ""1/125"", ""exposure_program"": ""Manual"", ""exposure_compensation"": ""0"", ""aperture"": ""2.2"", ""focal_length"": ""35.0 mm"", ""focal_length_in35mm"": ""53 mm"", ""white_balance"": ""Auto"", ""metering_mode"": ""Multi-segment"", ""flash"": ""Off, Did not fire"", ""pageid"": ""2003""}"
8192416375|27792531@N02|2003|Fujifilm X-E1|Fujifilm|27792531@N02_Fujifilm_b518bd16.json|"{""id"": ""8192416375"", ""owner"": ""27792531@N02"", ""title"": ""DSCF7945"", ""realname"": """", ""ownername"": ""YangChen(TW)"", ""datetaken"": ""2012-11-17 16:58:03"", ""max_width"": 4896, ""max_height"": 3264, ""url_max"": ""https://live.staticflickr.com/8208/8192416375_feb5b61533_o.jpg"", ""max_width_2000"": 1365, ""max_height_2000"": 2048, ""url_max_2000"": ""https://live.staticflickr.com/8208/8192416375_3e29d9711a_k.jpg"", ""flickr_page"": ""https://www.flickr.com/photos/27792531@N02/8192416375"", ""camera"": ""Fujifilm X-E1"", ""create_date"": ""2012:11:17 16:58:03"", ""lens_model"": ""XF35mmF1.4 R"", ""iso"": ""3200"", ""exposure_time"": ""1/125"", ""exposure_program"": ""Manual"", ""exposure_compensation"": ""0"", ""aperture"": ""2.8"", ""focal_length"": ""35.0 mm"", ""focal_length_in35mm"": ""53 mm"", ""white_balance"": ""Auto"", ""metering_mode"": ""Multi-segment"", ""flash"": ""Off, Did not fire"", ""pageid"": ""2003""}"
8193474990|27792531@N02|2003|Fujifilm X-E1|Fujifilm|27792531@N02_Fujifilm_b518bd16.json|"{""id"": ""8193474990"", ""owner"": ""27792531@N02"", ""title"": ""DSCF7994"", ""realname"": """", ""ownername"": ""YangChen(TW)"", ""datetaken"": ""2012-11-17 18:41:12"", ""max_width"": 4896, ""max_height"": 3264, ""url_max"": ""https://live.staticflickr.com/8061/8193474990_2853ab8651_o.jpg"", ""max_width_2000"": 1600, ""max_height_2000"": 1067, ""url_max_2000"": ""https://live.staticflickr.com/8061/8193474990_1286b9ce9f_h.jpg"", ""flickr_page"": ""https://www.flickr.com/photos/27792531@N02/8193474990"", ""camera"": ""Fujifilm X-E1"", ""create_date"": ""2012:11:17 18:41:12"", ""lens_model"": ""XF35mmF1.4 R"", ""iso"": ""3200"", ""exposure_time"": ""1/75"", ""exposure_program"": ""Aperture-priority AE"", ""exposure_compensation"": ""+0.33"", ""aperture"": ""5.6"", ""focal_length"": ""35.0 mm"", ""focal_length_in35mm"": ""53 mm"", ""white_balance"": ""Auto"", ""metering_mode"": ""Multi-segment"", ""flash"": ""Off, Did not fire"", ""pageid"": ""2003""}"
8193475316|27792531@N02|2003|Fujifilm X-E1|Fujifilm|27792531@N02_Fujifilm_b518bd16.json|"{""id"": ""8193475316"", ""owner"": ""27792531@N02"", ""title"": ""DSCF7988"", ""realname"": """", ""ownername"": ""YangChen(TW)"", ""datetaken"": ""2012-11-17 18:26:21"", ""max_width"": 4896, ""max_height"": 3264, ""url_max"": ""https://live.staticflickr.com/8058/8193475316_d770f1766c_o.jpg"", ""max_width_2000"": 1600, ""max_height_2000"": 1067, ""url_max_2000"": ""https://live.staticflickr.com/8058/8193475316_912b24faba_h.jpg"", ""flickr_page"": ""https://www.flickr.com/photos/27792531@N02/8193475316"", ""camera"": ""Fujifilm X-E1"", ""create_date"": ""2012:11:17 18:26:21"", ""lens_model"": ""XF35mmF1.4 R"", ""iso"": ""3200"", ""exposure_time"": ""1/38"", ""exposure_program"": ""Aperture-priority AE"", ""exposure_compensation"": ""0"", ""aperture"": ""5.6"", ""focal_length"": ""35.0 mm"", ""focal_length_in35mm"": ""53 mm"", ""white_balance"": ""Auto"", ""metering_mode"": ""Multi-segment"", ""flash"": ""Off, Did not fire"", ""pageid"": ""2003""}"
8193473268|27792531@N02|2003|Fujifilm X-E1|Fujifilm|27792531@N02_Fujifilm_b518bd16.json|"{""id"": ""8193473268"", ""owner"": ""27792531@N02"", ""title"": ""DSCF8008"", ""realname"": """", ""ownername"": ""YangChen(TW)"", ""datetaken"": ""2012-11-17 19:02:33"", ""max_width"": 4896, ""max_height"": 3264, ""url_max"": ""https://live.staticflickr.com/8210/8193473268_0f3facea9a_o.jpg"", ""max_width_2000"": 1600, ""max_height_2000"": 1067, ""url_max_2000"": ""https://live.staticflickr.com/8210/8193473268_35339fa030_h.jpg"", ""flickr_page"": ""https://www.flickr.com/photos/27792531@N02/8193473268"", ""camera"": ""Fujifilm X-E1"", ""create_date"": ""2012:11:17 19:02:33"", ""lens_model"": ""XF35mmF1.4 R"", ""iso"": ""3200"", ""exposure_time"": ""1/38"", ""exposure_program"": ""Aperture-priority AE"", ""exposure_compensation"": ""+0.33"", ""aperture"": ""4.0"", ""focal_length"": ""35.0 mm"", ""focal_length_in35mm"": ""53 mm"", ""white_balance"": ""Auto"", ""metering_mode"": ""Multi-segment"", ""flash"": ""Off, Did not fire"", ""pageid"": ""2003""}"
8193474634|27792531@N02|2003|Fujifilm X-E1|Fujifilm|27792531@N02_Fujifilm_b518bd16.json|"{""id"": ""8193474634"", ""owner"": ""27792531@N02"", ""title"": ""DSCF7996"", ""realname"": """", ""ownername"": ""YangChen(TW)"", ""datetaken"": ""2012-11-17 18:41:47"", ""max_width"": 4896, ""max_height"": 3264, ""url_max"": ""https://live.staticflickr.com/8486/8193474634_4f0946af39_o.jpg"", ""max_width_2000"": 1600, ""max_height_2000"": 1067, ""url_max_2000"": ""https://live.staticflickr.com/8486/8193474634_939b91c8ea_h.jpg"", ""flickr_page"": ""https://www.flickr.com/photos/27792531@N02/8193474634"", ""camera"": ""Fujifilm X-E1"", ""create_date"": ""2012:11:17 18:41:47"", ""lens_model"": ""XF35mmF1.4 R"", ""iso"": ""3200"", ""exposure_time"": ""1/34"", ""exposure_program"": ""Aperture-priority AE"", ""exposure_compensation"": ""+0.67"", ""aperture"": ""5.6"", ""focal_length"": ""35.0 mm"", ""focal_length_in35mm"": ""53 mm"", ""white_balance"": ""Auto"", ""metering_mode"": ""Multi-segment"", ""flash"": ""Off, Did not fire"", ""pageid"": ""2003""}"
8193472852|27792531@N02|2003|Fujifilm X-E1|Fujifilm|27792531@N02_Fujifilm_b518bd16.json|"{""id"": ""8193472852"", ""owner"": ""27792531@N02"", ""title"": ""DSCF8011"", ""realname"": """", ""ownername"": ""YangChen(TW)"", ""datetaken"": ""2012-11-17 19:02:49"", ""max_width"": 4896, ""max_height"": 3264, ""url_max"": ""https://live.staticflickr.com/8069/8193472852_a3ab4fe232_o.jpg"", ""max_width_2000"": 1600, ""max_height_2000"": 1067, ""url_max_2000"": ""https://live.staticflickr.com/8069/8193472852_ddaffd9663_h.jpg"", ""flickr_page"": ""https://www.flickr.com/photos/27792531@N02/8193472852"", ""camera"": ""Fujifilm X-E1"", ""create_date"": ""2012:11:17 19:02:49"", ""lens_model"": ""XF35mmF1.4 R"", ""iso"": ""3200"", ""exposure_time"": ""1/58"", ""exposure_program"": ""Aperture-priority AE"", ""exposure_compensation"": ""+1"", ""aperture"": ""4.0"", ""focal_length"": ""35.0 mm"", ""focal_length_in35mm"": ""53 mm"", ""white_balance"": ""Auto"", ""metering_mode"": ""Multi-segment"", ""flash"": ""Off, Did not fire"", ""pageid"": ""2003""}"
8193475750|27792531@N02|2003|Fujifilm X-E1|Fujifilm|27792531@N02_Fujifilm_b518bd16.json|"{""id"": ""8193475750"", ""owner"": ""27792531@N02"", ""title"": ""DSCF7983"", ""realname"": """", ""ownername"": ""YangChen(TW)"", ""datetaken"": ""2012-11-17 18:19:41"", ""max_width"": 4896, ""max_height"": 3264, ""url_max"": ""https://live.staticflickr.com/8347/8193475750_88e8960012_o.jpg"", ""max_width_2000"": 1600, ""max_height_2000"": 1067, ""url_max_2000"": ""https://live.staticflickr.com/8347/8193475750_538c7bdae7_h.jpg"", ""flickr_page"": ""https://www.flickr.com/photos/27792531@N02/8193475750"", ""camera"": ""Fujifilm X-E1"", ""create_date"": ""2012:11:17 18:19:41"", ""lens_model"": ""XF35mmF1.4 R"", ""iso"": ""2500"", ""exposure_time"": ""1/52"", ""exposure_program"": ""Aperture-priority AE"", ""exposure_compensation"": ""0"", ""aperture"": ""2.8"", ""focal_length"": ""35.0 mm"", ""focal_length_in35mm"": ""53 mm"", ""white_balance"": ""Auto"", ""metering_mode"": ""Multi-segment"", ""flash"": ""Off, Did not fire"", ""pageid"": ""2003""}"
8193503452|27792531@N02|2003|Fujifilm X-E1|Fujifilm|27792531@N02_Fujifilm_b518bd16.json|"{""id"": ""8193503452"", ""owner"": ""27792531@N02"", ""title"": ""DSCF7946"", ""realname"": """", ""ownername"": ""YangChen(TW)"", ""datetaken"": ""2012-11-17 16:58:05"", ""max_width"": 4896, ""max_height"": 3264, ""url_max"": ""https://live.staticflickr.com/8210/8193503452_f6707de1ed_o.jpg"", ""max_width_2000"": 1365, ""max_height_2000"": 2048, ""url_max_2000"": ""https://live.staticflickr.com/8210/8193503452_bf30af93e1_k.jpg"", ""flickr_page"": ""https://www.flickr.com/photos/27792531@N02/8193503452"", ""camera"": ""Fujifilm X-E1"", ""create_date"": ""2012:11:17 16:58:05"", ""lens_model"": ""XF35mmF1.4 R"", ""iso"": ""3200"", ""exposure_time"": ""1/125"", ""exposure_program"": ""Manual"", ""exposure_compensation"": ""0"", ""aperture"": ""2.8"", ""focal_length"": ""35.0 mm"", ""focal_length_in35mm"": ""53 mm"", ""white_balance"": ""Auto"", ""metering_mode"": ""Multi-segment"", ""flash"": ""Off, Did not fire"", ""pageid"": ""2003""}"
8193503076|27792531@N02|2003|Fujifilm X-E1|Fujifilm|27792531@N02_Fujifilm_b518bd16.json|"{""id"": ""8193503076"", ""owner"": ""27792531@N02"", ""title"": ""DSCF7947"", ""realname"": """", ""ownername"": ""YangChen(TW)"", ""datetaken"": ""2012-11-17 16:58:10"", ""max_width"": 4896, ""max_height"": 3264, ""url_max"": ""https://live.staticflickr.com/8486/8193503076_e82b653516_o.jpg"", ""max_width_2000"": 1365, ""max_height_2000"": 2048, ""url_max_2000"": ""https://live.staticflickr.com/8486/8193503076_6388edae36_k.jpg"", ""flickr_page"": ""https://www.flickr.com/photos/27792531@N02/8193503076"", ""camera"": ""Fujifilm X-E1"", ""create_date"": ""2012:11:17 16:58:10"", ""lens_model"": ""XF35mmF1.4 R"", ""iso"": ""3200"", ""exposure_time"": ""1/125"", ""exposure_program"": ""Manual"", ""exposure_compensation"": ""0"", ""aperture"": ""2.8"", ""focal_length"": ""35.0 mm"", ""focal_length_in35mm"": ""53 mm"", ""white_balance"": ""Auto"", ""metering_mode"": ""Multi-segment"", ""flash"": ""Off, Did not fire"", ""pageid"": ""2003""}"
8193502718|27792531@N02|2003|Fujifilm X-E1|Fujifilm|27792531@N02_Fujifilm_b518bd16.json|"{""id"": ""8193502718"", ""owner"": ""27792531@N02"", ""title"": ""DSCF7948"", ""realname"": """", ""ownername"": ""YangChen(TW)"", ""datetaken"": ""2012-11-17 16:58:12"", ""max_width"": 4896, ""max_height"": 3264, ""url_max"": ""https://live.staticflickr.com/8341/8193502718_f4c80180b4_o.jpg"", ""max_width_2000"": 1365, ""max_height_2000"": 2048, ""url_max_2000"": ""https://live.staticflickr.com/8341/8193502718_611f79cc68_k.jpg"", ""flickr_page"": ""https://www.flickr.com/photos/27792531@N02/8193502718"", ""camera"": ""Fujifilm X-E1"", ""create_date"": ""2012:11:17 16:58:12"", ""lens_model"": ""XF35mmF1.4 R"", ""iso"": ""3200"", ""exposure_time"": ""1/125"", ""exposure_program"": ""Manual"", ""exposure_compensation"": ""0"", ""aperture"": ""2.8"", ""focal_length"": ""35.0 mm"", ""focal_length_in35mm"": ""53 mm"", ""white_balance"": ""Auto"", ""metering_mode"": ""Multi-segment"", ""flash"": ""Off, Did not fire"", ""pageid"": ""2003""}"
8193504008|27792531@N02|2003|Fujifilm X-E1|Fujifilm|27792531@N02_Fujifilm_b518bd16.json|"{""id"": ""8193504008"", ""owner"": ""27792531@N02"", ""title"": ""DSCF7938"", ""realname"": """", ""ownername"": ""YangChen(TW)"", ""datetaken"": ""2012-11-17 16:41:39"", ""max_width"": 4896, ""max_height"": 3264, ""url_max"": ""https://live.staticflickr.com/8064/8193504008_c8ff7a7790_o.jpg"", ""max_width_2000"": 1600, ""max_height_2000"": 1067, ""url_max_2000"": ""https://live.staticflickr.com/8064/8193504008_556f8b031c_h.jpg"", ""flickr_page"": ""https://www.flickr.com/photos/27792531@N02/8193504008"", ""camera"": ""Fujifilm X-E1"", ""create_date"": ""2012:11:17 16:41:39"", ""lens_model"": ""XF35mmF1.4 R"", ""iso"": ""3200"", ""exposure_time"": ""1/100"", ""exposure_program"": ""Manual"", ""exposure_compensation"": ""0"", ""aperture"": ""2.8"", ""focal_length"": ""35.0 mm"", ""focal_length_in35mm"": ""53 mm"", ""white_balance"": ""Auto"", ""metering_mode"": ""Multi-segment"", ""flash"": ""Off, Did not fire"", ""pageid"": ""2003""}"
8192407205|27792531@N02|2002|Fujifilm X-E1|Fujifilm|27792531@N02_Fujifilm_b518bd16.json|"{""id"": ""8192407205"", ""owner"": ""27792531@N02"", ""title"": ""DSCF8021"", ""realname"": """", ""ownername"": ""YangChen(TW)"", ""datetaken"": ""2012-11-17 19:54:34"", ""max_width"": 4896, ""max_height"": 3264, ""url_max"": ""https://live.staticflickr.com/8208/8192407205_3da03d9be4_o.jpg"", ""max_width_2000"": 1600, ""max_height_2000"": 1067, ""url_max_2000"": ""https://live.staticflickr.com/8208/8192407205_88f34c469f_h.jpg"", ""flickr_page"": ""https://www.flickr.com/photos/27792531@N02/8192407205"", ""camera"": ""Fujifilm X-E1"", ""create_date"": ""2012:11:17 19:54:34"", ""lens_model"": ""XF35mmF1.4 R"", ""iso"": ""3200"", ""exposure_time"": ""1/85"", ""exposure_program"": ""Aperture-priority AE"", ""exposure_compensation"": ""+0.67"", ""aperture"": ""2.8"", ""focal_length"": ""35.0 mm"", ""focal_length_in35mm"": ""53 mm"", ""white_balance"": ""Auto"", ""metering_mode"": ""Multi-segment"", ""flash"": ""Off, Did not fire"", ""pageid"": ""2002""}"
8192406523|27792531@N02|2002|Fujifilm X-E1|Fujifilm|27792531@N02_Fujifilm_b518bd16.json|"{""id"": ""8192406523"", ""owner"": ""27792531@N02"", ""title"": ""DSCF7890"", ""realname"": """", ""ownername"": ""YangChen(TW)"", ""datetaken"": ""2012-11-17 16:26:05"", ""max_width"": 4896, ""max_height"": 3264, ""url_max"": ""https://live.staticflickr.com/8209/8192406523_fc2298245f_o.jpg"", ""max_width_2000"": 1365, ""max_height_2000"": 2048, ""url_max_2000"": ""https://live.staticflickr.com/8209/8192406523_be95a0e5d0_k.jpg"", ""flickr_page"": ""https://www.flickr.com/photos/27792531@N02/8192406523"", ""camera"": ""Fujifilm X-E1"", ""create_date"": ""2012:11:17 16:26:05"", ""lens_model"": ""XF35mmF1.4 R"", ""iso"": ""3200"", ""exposure_time"": ""1/125"", ""exposure_program"": ""Manual"", ""exposure_compensation"": ""0"", ""aperture"": ""2.8"", ""focal_length"": ""35.0 mm"", ""focal_length_in35mm"": ""53 mm"", ""white_balance"": ""Auto"", ""metering_mode"": ""Multi-segment"", ""flash"": ""Off, Did not fire"", ""pageid"": ""2002""}"
8192412063|27792531@N02|2002|Fujifilm X-E1|Fujifilm|27792531@N02_Fujifilm_b518bd16.json|"{""id"": ""8192412063"", ""owner"": ""27792531@N02"", ""title"": ""DSCF7961"", ""realname"": """", ""ownername"": ""YangChen(TW)"", ""datetaken"": ""2012-11-17 17:24:30"", ""max_width"": 4896, ""max_height"": 3264, ""url_max"": ""https://live.staticflickr.com/8201/8192412063_6a49b2ec82_o.jpg"", ""max_width_2000"": 1365, ""max_height_2000"": 2048, ""url_max_2000"": ""https://live.staticflickr.com/8201/8192412063_9be3b719b6_k.jpg"", ""flickr_page"": ""https://www.flickr.com/photos/27792531@N02/8192412063"", ""camera"": ""Fujifilm X-E1"", ""create_date"": ""2012:11:17 17:24:30"", ""lens_model"": ""XF35mmF1.4 R"", ""iso"": ""3200"", ""exposure_time"": ""1/125"", ""exposure_program"": ""Manual"", ""exposure_compensation"": ""0"", ""aperture"": ""3.2"", ""focal_length"": ""35.0 mm"", ""focal_length_in35mm"": ""53 mm"", ""white_balance"": ""Auto"", ""metering_mode"": ""Multi-segment"", ""flash"": ""Off, Did not fire"", ""pageid"": ""2002""}"
8192407925|27792531@N02|2002|Fujifilm X-E1|Fujifilm|27792531@N02_Fujifilm_b518bd16.json|"{""id"": ""8192407925"", ""owner"": ""27792531@N02"", ""title"": ""DSCF8016"", ""realname"": """", ""ownername"": ""YangChen(TW)"", ""datetaken"": ""2012-11-17 19:51:54"", ""max_width"": 4896, ""max_height"": 3264, ""url_max"": ""https://live.staticflickr.com/8058/8192407925_7eba46a068_o.jpg"", ""max_width_2000"": 1600, ""max_height_2000"": 1067, ""url_max_2000"": ""https://live.staticflickr.com/8058/8192407925_94dd6adef1_h.jpg"", ""flickr_page"": ""https://www.flickr.com/photos/27792531@N02/8192407925"", ""camera"": ""Fujifilm X-E1"", ""create_date"": ""2012:11:17 19:51:54"", ""lens_model"": ""XF35mmF1.4 R"", ""iso"": ""3200"", ""exposure_time"": ""1/90"", ""exposure_program"": ""Aperture-priority AE"", ""exposure_compensation"": ""+0.67"", ""aperture"": ""2.8"", ""focal_length"": ""35.0 mm"", ""focal_length_in35mm"": ""53 mm"", ""white_balance"": ""Auto"", ""metering_mode"": ""Multi-segment"", ""flash"": ""Off, Did not fire"", ""pageid"": ""2002""}"
8192411801|27792531@N02|2002|Fujifilm X-E1|Fujifilm|27792531@N02_Fujifilm_b518bd16.json|"{""id"": ""8192411801"", ""owner"": ""27792531@N02"", ""title"": ""DSCF7963"", ""realname"": """", ""ownername"": ""YangChen(TW)"", ""datetaken"": ""2012-11-17 17:24:36"", ""max_width"": 4896, ""max_height"": 3264, ""url_max"": ""https://live.staticflickr.com/8479/8192411801_4522d42483_o.jpg"", ""max_width_2000"": 1365, ""max_height_2000"": 2048, ""url_max_2000"": ""https://live.staticflickr.com/8479/8192411801_e81969a94f_k.jpg"", ""flickr_page"": ""https://www.flickr.com/photos/27792531@N02/8192411801"", ""camera"": ""Fujifilm X-E1"", ""create_date"": ""2012:11:17 17:24:36"", ""lens_model"": ""XF35mmF1.4 R"", ""iso"": ""3200"", ""exposure_time"": ""1/125"", ""exposure_program"": ""Manual"", ""exposure_compensation"": ""0"", ""aperture"": ""3.2"", ""focal_length"": ""35.0 mm"", ""focal_length_in35mm"": ""53 mm"", ""white_balance"": ""Auto"", ""metering_mode"": ""Multi-segment"", ""flash"": ""Off, Did not fire"", ""pageid"": ""2002""}"
8192410013|27792531@N02|2002|Fujifilm X-E1|Fujifilm|27792531@N02_Fujifilm_b518bd16.json|"{""id"": ""8192410013"", ""owner"": ""27792531@N02"", ""title"": ""DSCF7970"", ""realname"": """", ""ownername"": ""YangChen(TW)"", ""datetaken"": ""2012-11-17 18:01:19"", ""max_width"": 4896, ""max_height"": 3264, ""url_max"": ""https://live.staticflickr.com/8062/8192410013_dd0a1d0e67_o.jpg"", ""max_width_2000"": 1600, ""max_height_2000"": 1067, ""url_max_2000"": ""https://live.staticflickr.com/8062/8192410013_597d105e11_h.jpg"", ""flickr_page"": ""https://www.flickr.com/photos/27792531@N02/8192410013"", ""camera"": ""Fujifilm X-E1"", ""create_date"": ""2012:11:17 18:01:19"", ""lens_model"": ""XF35mmF1.4 R"", ""iso"": ""3200"", ""exposure_time"": ""1/125"", ""exposure_program"": ""Manual"", ""exposure_compensation"": ""0"", ""aperture"": ""3.6"", ""focal_length"": ""35.0 mm"", ""focal_length_in35mm"": ""53 mm"", ""white_balance"": ""Auto"", ""metering_mode"": ""Multi-segment"", ""flash"": ""Off, Did not fire"", ""pageid"": ""2002""}"
8192413211|27792531@N02|2002|Fujifilm X-E1|Fujifilm|27792531@N02_Fujifilm_b518bd16.json|"{""id"": ""8192413211"", ""owner"": ""27792531@N02"", ""title"": ""DSCF7958"", ""realname"": """", ""ownername"": ""YangChen(TW)"", ""datetaken"": ""2012-11-17 17:24:19"", ""max_width"": 4896, ""max_height"": 3264, ""url_max"": ""https://live.staticflickr.com/8348/8192413211_6a8464915b_o.jpg"", ""max_width_2000"": 1365, ""max_height_2000"": 2048, ""url_max_2000"": ""https://live.staticflickr.com/8348/8192413211_99a3c1d614_k.jpg"", ""flickr_page"": ""https://www.flickr.com/photos/27792531@N02/8192413211"", ""camera"": ""Fujifilm X-E1"", ""create_date"": ""2012:11:17 17:24:19"", ""lens_model"": ""XF35mmF1.4 R"", ""iso"": ""3200"", ""exposure_time"": ""1/125"", ""exposure_program"": ""Manual"", ""exposure_compensation"": ""0"", ""aperture"": ""2.8"", ""focal_length"": ""35.0 mm"", ""focal_length_in35mm"": ""53 mm"", ""white_balance"": ""Auto"", ""metering_mode"": ""Multi-segment"", ""flash"": ""Off, Did not fire"", ""pageid"": ""2002""}"
8192412469|27792531@N02|2002|Fujifilm X-E1|Fujifilm|27792531@N02_Fujifilm_b518bd16.json|"{""id"": ""8192412469"", ""owner"": ""27792531@N02"", ""title"": ""DSCF7960"", ""realname"": """", ""ownername"": ""YangChen(TW)"", ""datetaken"": ""2012-11-17 17:24:28"", ""max_width"": 4896, ""max_height"": 3264, ""url_max"": ""https://live.staticflickr.com/8481/8192412469_e4f5b7017f_o.jpg"", ""max_width_2000"": 1365, ""max_height_2000"": 2048, ""url_max_2000"": ""https://live.staticflickr.com/8481/8192412469_925c929817_k.jpg"", ""flickr_page"": ""https://www.flickr.com/photos/27792531@N02/8192412469"", ""camera"": ""Fujifilm X-E1"", ""create_date"": ""2012:11:17 17:24:28"", ""lens_model"": ""XF35mmF1.4 R"", ""iso"": ""3200"", ""exposure_time"": ""1/125"", ""exposure_program"": ""Manual"", ""exposure_compensation"": ""0"", ""aperture"": ""3.2"", ""focal_length"": ""35.0 mm"", ""focal_length_in35mm"": ""53 mm"", ""white_balance"": ""Auto"", ""metering_mode"": ""Multi-segment"", ""flash"": ""Off, Did not fire"", ""pageid"": ""2002""}"
8192409203|27792531@N02|2002|Fujifilm X-E1|Fujifilm|27792531@N02_Fujifilm_b518bd16.json|"{""id"": ""8192409203"", ""owner"": ""27792531@N02"", ""title"": ""DSCF7974"", ""realname"": """", ""ownername"": ""YangChen(TW)"", ""datetaken"": ""2012-11-17 18:03:44"", ""max_width"": 4896, ""max_height"": 3264, ""url_max"": ""https://live.staticflickr.com/8350/8192409203_7ae499ffd8_o.jpg"", ""max_width_2000"": 1600, ""max_height_2000"": 1067, ""url_max_2000"": ""https://live.staticflickr.com/8350/8192409203_493511f813_h.jpg"", ""flickr_page"": ""https://www.flickr.com/photos/27792531@N02/8192409203"", ""camera"": ""Fujifilm X-E1"", ""create_date"": ""2012:11:17 18:03:44"", ""lens_model"": ""XF35mmF1.4 R"", ""iso"": ""3200"", ""exposure_time"": ""1/100"", ""exposure_program"": ""Manual"", ""exposure_compensation"": ""0"", ""aperture"": ""4.0"", ""focal_length"": ""35.0 mm"", ""focal_length_in35mm"": ""53 mm"", ""white_balance"": ""Auto"", ""metering_mode"": ""Multi-segment"", ""flash"": ""Off, Did not fire"", ""pageid"": ""2002""}"
8192410857|27792531@N02|2002|Fujifilm X-E1|Fujifilm|27792531@N02_Fujifilm_b518bd16.json|"{""id"": ""8192410857"", ""owner"": ""27792531@N02"", ""title"": ""DSCF7967"", ""realname"": """", ""ownername"": ""YangChen(TW)"", ""datetaken"": ""2012-11-17 18:01:14"", ""max_width"": 4896, ""max_height"": 3264, ""url_max"": ""https://live.staticflickr.com/8350/8192410857_2d46757695_o.jpg"", ""max_width_2000"": 1600, ""max_height_2000"": 1067, ""url_max_2000"": ""https://live.staticflickr.com/8350/8192410857_eb2fe64ffd_h.jpg"", ""flickr_page"": ""https://www.flickr.com/photos/27792531@N02/8192410857"", ""camera"": ""Fujifilm X-E1"", ""create_date"": ""2012:11:17 18:01:14"", ""lens_model"": ""XF35mmF1.4 R"", ""iso"": ""3200"", ""exposure_time"": ""1/125"", ""exposure_program"": ""Manual"", ""exposure_compensation"": ""0"", ""aperture"": ""3.6"", ""focal_length"": ""35.0 mm"", ""focal_length_in35mm"": ""53 mm"", ""white_balance"": ""Auto"", ""metering_mode"": ""Multi-segment"", ""flash"": ""Off, Did not fire"", ""pageid"": ""2002""}"
8193493288|27792531@N02|2002|Fujifilm X-E1|Fujifilm|27792531@N02_Fujifilm_b518bd16.json|"{""id"": ""8193493288"", ""owner"": ""27792531@N02"", ""title"": ""DSCF7891"", ""realname"": """", ""ownername"": ""YangChen(TW)"", ""datetaken"": ""2012-11-17 16:26:11"", ""max_width"": 4896, ""max_height"": 3264, ""url_max"": ""https://live.staticflickr.com/8203/8193493288_7907eca51d_o.jpg"", ""max_width_2000"": 1365, ""max_height_2000"": 2048, ""url_max_2000"": ""https://live.staticflickr.com/8203/8193493288_5bd32e1b2b_k.jpg"", ""flickr_page"": ""https://www.flickr.com/photos/27792531@N02/8193493288"", ""camera"": ""Fujifilm X-E1"", ""create_date"": ""2012:11:17 16:26:11"", ""lens_model"": ""XF35mmF1.4 R"", ""iso"": ""3200"", ""exposure_time"": ""1/125"", ""exposure_program"": ""Manual"", ""exposure_compensation"": ""0"", ""aperture"": ""2.8"", ""focal_length"": ""35.0 mm"", ""focal_length_in35mm"": ""53 mm"", ""white_balance"": ""Auto"", ""metering_mode"": ""Multi-segment"", ""flash"": ""Off, Did not fire"", ""pageid"": ""2002""}"
8193494134|27792531@N02|2002|Fujifilm X-E1|Fujifilm|27792531@N02_Fujifilm_b518bd16.json|"{""id"": ""8193494134"", ""owner"": ""27792531@N02"", ""title"": ""DSCF7889"", ""realname"": """", ""ownername"": ""YangChen(TW)"", ""datetaken"": ""2012-11-17 16:25:55"", ""max_width"": 4896, ""max_height"": 3264, ""url_max"": ""https://live.staticflickr.com/8480/8193494134_60109abcbf_o.jpg"", ""max_width_2000"": 1365, ""max_height_2000"": 2048, ""url_max_2000"": ""https://live.staticflickr.com/8480/8193494134_d769a54b32_k.jpg"", ""flickr_page"": ""https://www.flickr.com/photos/27792531@N02/8193494134"", ""camera"": ""Fujifilm X-E1"", ""create_date"": ""2012:11:17 16:25:55"", ""lens_model"": ""XF35mmF1.4 R"", ""iso"": ""3200"", ""exposure_time"": ""1/60"", ""exposure_program"": ""Manual"", ""exposure_compensation"": ""0"", ""aperture"": ""2.8"", ""focal_length"": ""35.0 mm"", ""focal_length_in35mm"": ""53 mm"", ""white_balance"": ""Auto"", ""metering_mode"": ""Multi-segment"", ""flash"": ""Off, Did not fire"", ""pageid"": ""2002""}"
8193492832|27792531@N02|2002|Fujifilm X-E1|Fujifilm|27792531@N02_Fujifilm_b518bd16.json|"{""id"": ""8193492832"", ""owner"": ""27792531@N02"", ""title"": ""DSCF7892"", ""realname"": """", ""ownername"": ""YangChen(TW)"", ""datetaken"": ""2012-11-17 16:26:17"", ""max_width"": 4896, ""max_height"": 3264, ""url_max"": ""https://live.staticflickr.com/8207/8193492832_882e1f0b7c_o.jpg"", ""max_width_2000"": 1365, ""max_height_2000"": 2048, ""url_max_2000"": ""https://live.staticflickr.com/8207/8193492832_92a36f80ae_k.jpg"", ""flickr_page"": ""https://www.flickr.com/photos/27792531@N02/8193492832"", ""camera"": ""Fujifilm X-E1"", ""create_date"": ""2012:11:17 16:26:17"", ""lens_model"": ""XF35mmF1.4 R"", ""iso"": ""3200"", ""exposure_time"": ""1/125"", ""exposure_program"": ""Manual"", ""exposure_compensation"": ""0"", ""aperture"": ""2.8"", ""focal_length"": ""35.0 mm"", ""focal_length_in35mm"": ""53 mm"", ""white_balance"": ""Auto"", ""metering_mode"": ""Multi-segment"", ""flash"": ""Off, Did not fire"", ""pageid"": ""2002""}"
8193496038|27792531@N02|2002|Fujifilm X-E1|Fujifilm|27792531@N02_Fujifilm_b518bd16.json|"{""id"": ""8193496038"", ""owner"": ""27792531@N02"", ""title"": ""DSCF7975"", ""realname"": """", ""ownername"": ""YangChen(TW)"", ""datetaken"": ""2012-11-17 18:03:46"", ""max_width"": 4896, ""max_height"": 3264, ""url_max"": ""https://live.staticflickr.com/8479/8193496038_feb774f436_o.jpg"", ""max_width_2000"": 1600, ""max_height_2000"": 1067, ""url_max_2000"": ""https://live.staticflickr.com/8479/8193496038_0dad6f5cd8_h.jpg"", ""flickr_page"": ""https://www.flickr.com/photos/27792531@N02/8193496038"", ""camera"": ""Fujifilm X-E1"", ""create_date"": ""2012:11:17 18:03:46"", ""lens_model"": ""XF35mmF1.4 R"", ""iso"": ""3200"", ""exposure_time"": ""1/100"", ""exposure_program"": ""Manual"", ""exposure_compensation"": ""0"", ""aperture"": ""4.0"", ""focal_length"": ""35.0 mm"", ""focal_length_in35mm"": ""53 mm"", ""white_balance"": ""Auto"", ""metering_mode"": ""Multi-segment"", ""flash"": ""Off, Did not fire"", ""pageid"": ""2002""}"
8192413477|27792531@N02|2002|Fujifilm X-E1|Fujifilm|27792531@N02_Fujifilm_b518bd16.json|"{""id"": ""8192413477"", ""owner"": ""27792531@N02"", ""title"": ""DSCF7957"", ""realname"": """", ""ownername"": ""YangChen(TW)"", ""datetaken"": ""2012-11-17 17:23:05"", ""max_width"": 4896, ""max_height"": 3264, ""url_max"": ""https://live.staticflickr.com/8065/8192413477_5fd23bf37c_o.jpg"", ""max_width_2000"": 1365, ""max_height_2000"": 2048, ""url_max_2000"": ""https://live.staticflickr.com/8065/8192413477_8fda887538_k.jpg"", ""flickr_page"": ""https://www.flickr.com/photos/27792531@N02/8192413477"", ""camera"": ""Fujifilm X-E1"", ""create_date"": ""2012:11:17 17:23:05"", ""lens_model"": ""XF35mmF1.4 R"", ""iso"": ""3200"", ""exposure_time"": ""1/125"", ""exposure_program"": ""Manual"", ""exposure_compensation"": ""0"", ""aperture"": ""2.8"", ""focal_length"": ""35.0 mm"", ""focal_length_in35mm"": ""53 mm"", ""white_balance"": ""Auto"", ""metering_mode"": ""Multi-segment"", ""flash"": ""Off, Did not fire"", ""pageid"": ""2002""}"
8193495330|27792531@N02|2002|Fujifilm X-E1|Fujifilm|27792531@N02_Fujifilm_b518bd16.json|"{""id"": ""8193495330"", ""owner"": ""27792531@N02"", ""title"": ""DSCF8015"", ""realname"": """", ""ownername"": ""YangChen(TW)"", ""datetaken"": ""2012-11-17 19:51:48"", ""max_width"": 4896, ""max_height"": 3264, ""url_max"": ""https://live.staticflickr.com/8482/8193495330_f63b1154fa_o.jpg"", ""max_width_2000"": 1600, ""max_height_2000"": 1067, ""url_max_2000"": ""https://live.staticflickr.com/8482/8193495330_61eaf2e92b_h.jpg"", ""flickr_page"": ""https://www.flickr.com/photos/27792531@N02/8193495330"", ""camera"": ""Fujifilm X-E1"", ""create_date"": ""2012:11:17 19:51:48"", ""lens_model"": ""XF35mmF1.4 R"", ""iso"": ""3200"", ""exposure_time"": ""1/180"", ""exposure_program"": ""Aperture-priority AE"", ""exposure_compensation"": ""+0.67"", ""aperture"": ""2.0"", ""focal_length"": ""35.0 mm"", ""focal_length_in35mm"": ""53 mm"", ""white_balance"": ""Auto"", ""metering_mode"": ""Multi-segment"", ""flash"": ""Off, Did not fire"", ""pageid"": ""2002""}"
8193495672|27792531@N02|2002|Fujifilm X-E1|Fujifilm|27792531@N02_Fujifilm_b518bd16.json|"{""id"": ""8193495672"", ""owner"": ""27792531@N02"", ""title"": ""DSCF7977"", ""realname"": """", ""ownername"": ""YangChen(TW)"", ""datetaken"": ""2012-11-17 18:05:13"", ""max_width"": 4896, ""max_height"": 3264, ""url_max"": ""https://live.staticflickr.com/8481/8193495672_0906fe33d4_o.jpg"", ""max_width_2000"": 1600, ""max_height_2000"": 1067, ""url_max_2000"": ""https://live.staticflickr.com/8481/8193495672_ed4bcf8beb_h.jpg"", ""flickr_page"": ""https://www.flickr.com/photos/27792531@N02/8193495672"", ""camera"": ""Fujifilm X-E1"", ""create_date"": ""2012:11:17 18:05:13"", ""lens_model"": ""XF35mmF1.4 R"", ""iso"": ""3200"", ""exposure_time"": ""1/125"", ""exposure_program"": ""Manual"", ""exposure_compensation"": ""0"", ""aperture"": ""4.0"", ""focal_length"": ""35.0 mm"", ""focal_length_in35mm"": ""53 mm"", ""white_balance"": ""Auto"", ""metering_mode"": ""Multi-segment"", ""flash"": ""Off, Did not fire"", ""pageid"": ""2002""}"
8193496846|27792531@N02|2002|Fujifilm X-E1|Fujifilm|27792531@N02_Fujifilm_b518bd16.json|"{""id"": ""8193496846"", ""owner"": ""27792531@N02"", ""title"": ""DSCF7973"", ""realname"": """", ""ownername"": ""YangChen(TW)"", ""datetaken"": ""2012-11-17 18:03:42"", ""max_width"": 4896, ""max_height"": 3264, ""url_max"": ""https://live.staticflickr.com/8058/8193496846_1e2b13a70b_o.jpg"", ""max_width_2000"": 1600, ""max_height_2000"": 1067, ""url_max_2000"": ""https://live.staticflickr.com/8058/8193496846_6e414bbe9d_h.jpg"", ""flickr_page"": ""https://www.flickr.com/photos/27792531@N02/8193496846"", ""camera"": ""Fujifilm X-E1"", ""create_date"": ""2012:11:17 18:03:42"", ""lens_model"": ""XF35mmF1.4 R"", ""iso"": ""3200"", ""exposure_time"": ""1/100"", ""exposure_program"": ""Manual"", ""exposure_compensation"": ""0"", ""aperture"": ""4.0"", ""focal_length"": ""35.0 mm"", ""focal_length_in35mm"": ""53 mm"", ""white_balance"": ""Auto"", ""metering_mode"": ""Multi-segment"", ""flash"": ""Off, Did not fire"", ""pageid"": ""2002""}"
8193494698|27792531@N02|2002|Fujifilm X-E1|Fujifilm|27792531@N02_Fujifilm_b518bd16.json|"{""id"": ""8193494698"", ""owner"": ""27792531@N02"", ""title"": ""DSCF8020"", ""realname"": """", ""ownername"": ""YangChen(TW)"", ""datetaken"": ""2012-11-17 19:54:32"", ""max_width"": 4896, ""max_height"": 3264, ""url_max"": ""https://live.staticflickr.com/8200/8193494698_952429ec7d_o.jpg"", ""max_width_2000"": 1600, ""max_height_2000"": 1067, ""url_max_2000"": ""https://live.staticflickr.com/8200/8193494698_8a05772091_h.jpg"", ""flickr_page"": ""https://www.flickr.com/photos/27792531@N02/8193494698"", ""camera"": ""Fujifilm X-E1"", ""create_date"": ""2012:11:17 19:54:32"", ""lens_model"": ""XF35mmF1.4 R"", ""iso"": ""3200"", ""exposure_time"": ""1/100"", ""exposure_program"": ""Aperture-priority AE"", ""exposure_compensation"": ""+0.67"", ""aperture"": ""2.8"", ""focal_length"": ""35.0 mm"", ""focal_length_in35mm"": ""53 mm"", ""white_balance"": ""Auto"", ""metering_mode"": ""Multi-segment"", ""flash"": ""Off, Did not fire"", ""pageid"": ""2002""}"
8193497646|27792531@N02|2002|Fujifilm X-E1|Fujifilm|27792531@N02_Fujifilm_b518bd16.json|"{""id"": ""8193497646"", ""owner"": ""27792531@N02"", ""title"": ""DSCF7969"", ""realname"": """", ""ownername"": ""YangChen(TW)"", ""datetaken"": ""2012-11-17 18:01:17"", ""max_width"": 4896, ""max_height"": 3264, ""url_max"": ""https://live.staticflickr.com/8350/8193497646_54175fc1e6_o.jpg"", ""max_width_2000"": 1600, ""max_height_2000"": 1067, ""url_max_2000"": ""https://live.staticflickr.com/8350/8193497646_e60f13f841_h.jpg"", ""flickr_page"": ""https://www.flickr.com/photos/27792531@N02/8193497646"", ""camera"": ""Fujifilm X-E1"", ""create_date"": ""2012:11:17 18:01:17"", ""lens_model"": ""XF35mmF1.4 R"", ""iso"": ""3200"", ""exposure_time"": ""1/125"", ""exposure_program"": ""Manual"", ""exposure_compensation"": ""0"", ""aperture"": ""3.6"", ""focal_length"": ""35.0 mm"", ""focal_length_in35mm"": ""53 mm"", ""white_balance"": ""Auto"", ""metering_mode"": ""Multi-segment"", ""flash"": ""Off, Did not fire"", ""pageid"": ""2002""}"
8193501002|27792531@N02|2002|Fujifilm X-E1|Fujifilm|27792531@N02_Fujifilm_b518bd16.json|"{""id"": ""8193501002"", ""owner"": ""27792531@N02"", ""title"": ""DSCF7956"", ""realname"": """", ""ownername"": ""YangChen(TW)"", ""datetaken"": ""2012-11-17 17:22:57"", ""max_width"": 4896, ""max_height"": 3264, ""url_max"": ""https://live.staticflickr.com/8070/8193501002_55f25a5d2b_o.jpg"", ""max_width_2000"": 1365, ""max_height_2000"": 2048, ""url_max_2000"": ""https://live.staticflickr.com/8070/8193501002_674d7ceeb9_k.jpg"", ""flickr_page"": ""https://www.flickr.com/photos/27792531@N02/8193501002"", ""camera"": ""Fujifilm X-E1"", ""create_date"": ""2012:11:17 17:22:57"", ""lens_model"": ""XF35mmF1.4 R"", ""iso"": ""3200"", ""exposure_time"": ""1/125"", ""exposure_program"": ""Manual"", ""exposure_compensation"": ""0"", ""aperture"": ""2.8"", ""focal_length"": ""35.0 mm"", ""focal_length_in35mm"": ""53 mm"", ""white_balance"": ""Auto"", ""metering_mode"": ""Multi-segment"", ""flash"": ""Off, Did not fire"", ""pageid"": ""2002""}"
8193498396|27792531@N02|2002|Fujifilm X-E1|Fujifilm|27792531@N02_Fujifilm_b518bd16.json|"{""id"": ""8193498396"", ""owner"": ""27792531@N02"", ""title"": ""DSCF7966"", ""realname"": """", ""ownername"": ""YangChen(TW)"", ""datetaken"": ""2012-11-17 17:59:33"", ""max_width"": 4896, ""max_height"": 3264, ""url_max"": ""https://live.staticflickr.com/8209/8193498396_1bcab288a1_o.jpg"", ""max_width_2000"": 1365, ""max_height_2000"": 2048, ""url_max_2000"": ""https://live.staticflickr.com/8209/8193498396_e333f7dded_k.jpg"", ""flickr_page"": ""https://www.flickr.com/photos/27792531@N02/8193498396"", ""camera"": ""Fujifilm X-E1"", ""create_date"": ""2012:11:17 17:59:33"", ""lens_model"": ""XF35mmF1.4 R"", ""iso"": ""3200"", ""exposure_time"": ""1/125"", ""exposure_program"": ""Manual"", ""exposure_compensation"": ""0"", ""aperture"": ""2.8"", ""focal_length"": ""35.0 mm"", ""focal_length_in35mm"": ""53 mm"", ""white_balance"": ""Auto"", ""metering_mode"": ""Multi-segment"", ""flash"": ""Off, Did not fire"", ""pageid"": ""2002""}"
8193498768|27792531@N02|2002|Fujifilm X-E1|Fujifilm|27792531@N02_Fujifilm_b518bd16.json|"{""id"": ""8193498768"", ""owner"": ""27792531@N02"", ""title"": ""DSCF7964"", ""realname"": """", ""ownername"": ""YangChen(TW)"", ""datetaken"": ""2012-11-17 17:59:25"", ""max_width"": 4896, ""max_height"": 3264, ""url_max"": ""https://live.staticflickr.com/8350/8193498768_5105fc4455_o.jpg"", ""max_width_2000"": 1365, ""max_height_2000"": 2048, ""url_max_2000"": ""https://live.staticflickr.com/8350/8193498768_c139593d31_k.jpg"", ""flickr_page"": ""https://www.flickr.com/photos/27792531@N02/8193498768"", ""camera"": ""Fujifilm X-E1"", ""create_date"": ""2012:11:17 17:59:25"", ""lens_model"": ""XF35mmF1.4 R"", ""iso"": ""3200"", ""exposure_time"": ""1/125"", ""exposure_program"": ""Manual"", ""exposure_compensation"": ""0"", ""aperture"": ""2.8"", ""focal_length"": ""35.0 mm"", ""focal_length_in35mm"": ""53 mm"", ""white_balance"": ""Auto"", ""metering_mode"": ""Multi-segment"", ""flash"": ""Off, Did not fire"", ""pageid"": ""2002""}"
8193500128|27792531@N02|2002|Fujifilm X-E1|Fujifilm|27792531@N02_Fujifilm_b518bd16.json|"{""id"": ""8193500128"", ""owner"": ""27792531@N02"", ""title"": ""DSCF7959"", ""realname"": """", ""ownername"": ""YangChen(TW)"", ""datetaken"": ""2012-11-17 17:24:26"", ""max_width"": 4896, ""max_height"": 3264, ""url_max"": ""https://live.staticflickr.com/8057/8193500128_061b044fa9_o.jpg"", ""max_width_2000"": 1365, ""max_height_2000"": 2048, ""url_max_2000"": ""https://live.staticflickr.com/8057/8193500128_273d8ab5ca_k.jpg"", ""flickr_page"": ""https://www.flickr.com/photos/27792531@N02/8193500128"", ""camera"": ""Fujifilm X-E1"", ""create_date"": ""2012:11:17 17:24:26"", ""lens_model"": ""XF35mmF1.4 R"", ""iso"": ""3200"", ""exposure_time"": ""1/125"", ""exposure_program"": ""Manual"", ""exposure_compensation"": ""0"", ""aperture"": ""3.2"", ""focal_length"": ""35.0 mm"", ""focal_length_in35mm"": ""53 mm"", ""white_balance"": ""Auto"", ""metering_mode"": ""Multi-segment"", ""flash"": ""Off, Did not fire"", ""pageid"": ""2002""}"
8193501406|27792531@N02|2002|Fujifilm X-E1|Fujifilm|27792531@N02_Fujifilm_b518bd16.json|"{""id"": ""8193501406"", ""owner"": ""27792531@N02"", ""title"": ""DSCF7955"", ""realname"": """", ""ownername"": ""YangChen(TW)"", ""datetaken"": ""2012-11-17 17:22:39"", ""max_width"": 4896, ""max_height"": 3264, ""url_max"": ""https://live.staticflickr.com/8060/8193501406_f69f1816d5_o.jpg"", ""max_width_2000"": 1365, ""max_height_2000"": 2048, ""url_max_2000"": ""https://live.staticflickr.com/8060/8193501406_63497578e1_k.jpg"", ""flickr_page"": ""https://www.flickr.com/photos/27792531@N02/8193501406"", ""camera"": ""Fujifilm X-E1"", ""create_date"": ""2012:11:17 17:22:39"", ""lens_model"": ""XF35mmF1.4 R"", ""iso"": ""3200"", ""exposure_time"": ""1/125"", ""exposure_program"": ""Manual"", ""exposure_compensation"": ""0"", ""aperture"": ""2.5"", ""focal_length"": ""35.0 mm"", ""focal_length_in35mm"": ""53 mm"", ""white_balance"": ""Auto"", ""metering_mode"": ""Multi-segment"", ""flash"": ""Off, Did not fire"", ""pageid"": ""2002""}"
8192441557|27792531@N02|2001|Fujifilm X-E1|Fujifilm|27792531@N02_Fujifilm_b518bd16.json|"{""id"": ""8192441557"", ""owner"": ""27792531@N02"", ""title"": ""DSCF7917"", ""realname"": """", ""ownername"": ""YangChen(TW)"", ""datetaken"": ""2012-11-17 16:36:14"", ""max_width"": 4896, ""max_height"": 3264, ""url_max"": ""https://live.staticflickr.com/8206/8192441557_5cd48405c9_o.jpg"", ""max_width_2000"": 1365, ""max_height_2000"": 2048, ""url_max_2000"": ""https://live.staticflickr.com/8206/8192441557_90a77d04ec_k.jpg"", ""flickr_page"": ""https://www.flickr.com/photos/27792531@N02/8192441557"", ""camera"": ""Fujifilm X-E1"", ""create_date"": ""2012:11:17 16:36:14"", ""lens_model"": ""XF35mmF1.4 R"", ""iso"": ""3200"", ""exposure_time"": ""1/125"", ""exposure_program"": ""Manual"", ""exposure_compensation"": ""0"", ""aperture"": ""4.0"", ""focal_length"": ""35.0 mm"", ""focal_length_in35mm"": ""53 mm"", ""white_balance"": ""Auto"", ""metering_mode"": ""Multi-segment"", ""flash"": ""Off, Did not fire"", ""pageid"": ""2001""}"
8192400659|27792531@N02|2001|Fujifilm X-E1|Fujifilm|27792531@N02_Fujifilm_b518bd16.json|"{""id"": ""8192400659"", ""owner"": ""27792531@N02"", ""title"": ""DSCF7916"", ""realname"": """", ""ownername"": ""YangChen(TW)"", ""datetaken"": ""2012-11-17 16:36:12"", ""max_width"": 4896, ""max_height"": 3264, ""url_max"": ""https://live.staticflickr.com/8059/8192400659_f4de86f950_o.jpg"", ""max_width_2000"": 1365, ""max_height_2000"": 2048, ""url_max_2000"": ""https://live.staticflickr.com/8059/8192400659_e7a1059580_k.jpg"", ""flickr_page"": ""https://www.flickr.com/photos/27792531@N02/8192400659"", ""camera"": ""Fujifilm X-E1"", ""create_date"": ""2012:11:17 16:36:12"", ""lens_model"": ""XF35mmF1.4 R"", ""iso"": ""3200"", ""exposure_time"": ""1/125"", ""exposure_program"": ""Manual"", ""exposure_compensation"": ""0"", ""aperture"": ""4.0"", ""focal_length"": ""35.0 mm"", ""focal_length_in35mm"": ""53 mm"", ""white_balance"": ""Auto"", ""metering_mode"": ""Multi-segment"", ""flash"": ""Off, Did not fire"", ""pageid"": ""2001""}"
8192404833|27792531@N02|2001|Fujifilm X-E1|Fujifilm|27792531@N02_Fujifilm_b518bd16.json|"{""id"": ""8192404833"", ""owner"": ""27792531@N02"", ""title"": ""DSCF7897"", ""realname"": """", ""ownername"": ""YangChen(TW)"", ""datetaken"": ""2012-11-17 16:28:46"", ""max_width"": 4896, ""max_height"": 3264, ""url_max"": ""https://live.staticflickr.com/8210/8192404833_233e6870ea_o.jpg"", ""max_width_2000"": 1600, ""max_height_2000"": 1067, ""url_max_2000"": ""https://live.staticflickr.com/8210/8192404833_23d44c7d8b_h.jpg"", ""flickr_page"": ""https://www.flickr.com/photos/27792531@N02/8192404833"", ""camera"": ""Fujifilm X-E1"", ""create_date"": ""2012:11:17 16:28:46"", ""lens_model"": ""XF35mmF1.4 R"", ""iso"": ""3200"", ""exposure_time"": ""1/125"", ""exposure_program"": ""Manual"", ""exposure_compensation"": ""0"", ""aperture"": ""2.8"", ""focal_length"": ""35.0 mm"", ""focal_length_in35mm"": ""53 mm"", ""white_balance"": ""Auto"", ""metering_mode"": ""Multi-segment"", ""flash"": ""Off, Did not fire"", ""pageid"": ""2001""}"
8192440247|27792531@N02|2001|Fujifilm X-E1|Fujifilm|27792531@N02_Fujifilm_b518bd16.json|"{""id"": ""8192440247"", ""owner"": ""27792531@N02"", ""title"": ""DSCF7920"", ""realname"": """", ""ownername"": ""YangChen(TW)"", ""datetaken"": ""2012-11-17 16:36:43"", ""max_width"": 4896, ""max_height"": 3264, ""url_max"": ""https://live.staticflickr.com/8341/8192440247_300f043e0f_o.jpg"", ""max_width_2000"": 1600, ""max_height_2000"": 1067, ""url_max_2000"": ""https://live.staticflickr.com/8341/8192440247_1aa4e5c5df_h.jpg"", ""flickr_page"": ""https://www.flickr.com/photos/27792531@N02/8192440247"", ""camera"": ""Fujifilm X-E1"", ""create_date"": ""2012:11:17 16:36:43"", ""lens_model"": ""XF35mmF1.4 R"", ""iso"": ""3200"", ""exposure_time"": ""1/125"", ""exposure_program"": ""Manual"", ""exposure_compensation"": ""0"", ""aperture"": ""3.2"", ""focal_length"": ""35.0 mm"", ""focal_length_in35mm"": ""53 mm"", ""white_balance"": ""Auto"", ""metering_mode"": ""Multi-segment"", ""flash"": ""Off, Did not fire"", ""pageid"": ""2001""}"
8192440687|27792531@N02|2001|Fujifilm X-E1|Fujifilm|27792531@N02_Fujifilm_b518bd16.json|"{""id"": ""8192440687"", ""owner"": ""27792531@N02"", ""title"": ""DSCF7919"", ""realname"": """", ""ownername"": ""YangChen(TW)"", ""datetaken"": ""2012-11-17 16:36:31"", ""max_width"": 4896, ""max_height"": 3264, ""url_max"": ""https://live.staticflickr.com/8480/8192440687_6e11548663_o.jpg"", ""max_width_2000"": 1600, ""max_height_2000"": 1067, ""url_max_2000"": ""https://live.staticflickr.com/8480/8192440687_c6e90405d3_h.jpg"", ""flickr_page"": ""https://www.flickr.com/photos/27792531@N02/8192440687"", ""camera"": ""Fujifilm X-E1"", ""create_date"": ""2012:11:17 16:36:31"", ""lens_model"": ""XF35mmF1.4 R"", ""iso"": ""3200"", ""exposure_time"": ""1/125"", ""exposure_program"": ""Manual"", ""exposure_compensation"": ""0"", ""aperture"": ""3.2"", ""focal_length"": ""35.0 mm"", ""focal_length_in35mm"": ""53 mm"", ""white_balance"": ""Auto"", ""metering_mode"": ""Multi-segment"", ""flash"": ""Off, Did not fire"", ""pageid"": ""2001""}"
8193488506|27792531@N02|2001|Fujifilm X-E1|Fujifilm|27792531@N02_Fujifilm_b518bd16.json|"{""id"": ""8193488506"", ""owner"": ""27792531@N02"", ""title"": ""DSCF7913"", ""realname"": """", ""ownername"": ""YangChen(TW)"", ""datetaken"": ""2012-11-17 16:33:16"", ""max_width"": 4896, ""max_height"": 3264, ""url_max"": ""https://live.staticflickr.com/8067/8193488506_5aff6f33e1_o.jpg"", ""max_width_2000"": 1365, ""max_height_2000"": 2048, ""url_max_2000"": ""https://live.staticflickr.com/8067/8193488506_3ae431ff90_k.jpg"", ""flickr_page"": ""https://www.flickr.com/photos/27792531@N02/8193488506"", ""camera"": ""Fujifilm X-E1"", ""create_date"": ""2012:11:17 16:33:16"", ""lens_model"": ""XF35mmF1.4 R"", ""iso"": ""3200"", ""exposure_time"": ""1/125"", ""exposure_program"": ""Manual"", ""exposure_compensation"": ""0"", ""aperture"": ""3.2"", ""focal_length"": ""35.0 mm"", ""focal_length_in35mm"": ""53 mm"", ""white_balance"": ""Auto"", ""metering_mode"": ""Multi-segment"", ""flash"": ""Off, Did not fire"", ""pageid"": ""2001""}"
8192402013|27792531@N02|2001|Fujifilm X-E1|Fujifilm|27792531@N02_Fujifilm_b518bd16.json|"{""id"": ""8192402013"", ""owner"": ""27792531@N02"", ""title"": ""DSCF7911"", ""realname"": """", ""ownername"": ""YangChen(TW)"", ""datetaken"": ""2012-11-17 16:31:33"", ""max_width"": 4896, ""max_height"": 3264, ""url_max"": ""https://live.staticflickr.com/8061/8192402013_3d7a16f238_o.jpg"", ""max_width_2000"": 1600, ""max_height_2000"": 1067, ""url_max_2000"": ""https://live.staticflickr.com/8061/8192402013_4150cb5dc5_h.jpg"", ""flickr_page"": ""https://www.flickr.com/photos/27792531@N02/8192402013"", ""camera"": ""Fujifilm X-E1"", ""create_date"": ""2012:11:17 16:31:33"", ""lens_model"": ""XF35mmF1.4 R"", ""iso"": ""3200"", ""exposure_time"": ""1/125"", ""exposure_program"": ""Manual"", ""exposure_compensation"": ""0"", ""aperture"": ""2.5"", ""focal_length"": ""35.0 mm"", ""focal_length_in35mm"": ""53 mm"", ""white_balance"": ""Auto"", ""metering_mode"": ""Multi-segment"", ""flash"": ""Off, Did not fire"", ""pageid"": ""2001""}"
8193484182|27792531@N02|2001|Fujifilm X-E1|Fujifilm|27792531@N02_Fujifilm_b518bd16.json|"{""id"": ""8193484182"", ""owner"": ""27792531@N02"", ""title"": ""DSCF7936"", ""realname"": """", ""ownername"": ""YangChen(TW)"", ""datetaken"": ""2012-11-17 16:41:33"", ""max_width"": 4896, ""max_height"": 3264, ""url_max"": ""https://live.staticflickr.com/8478/8193484182_98256c8484_o.jpg"", ""max_width_2000"": 1600, ""max_height_2000"": 1067, ""url_max_2000"": ""https://live.staticflickr.com/8478/8193484182_a2da158836_h.jpg"", ""flickr_page"": ""https://www.flickr.com/photos/27792531@N02/8193484182"", ""camera"": ""Fujifilm X-E1"", ""create_date"": ""2012:11:17 16:41:33"", ""lens_model"": ""XF35mmF1.4 R"", ""iso"": ""3200"", ""exposure_time"": ""1/125"", ""exposure_program"": ""Manual"", ""exposure_compensation"": ""0"", ""aperture"": ""2.8"", ""focal_length"": ""35.0 mm"", ""focal_length_in35mm"": ""53 mm"", ""white_balance"": ""Auto"", ""metering_mode"": ""Multi-segment"", ""flash"": ""Off, Did not fire"", ""pageid"": ""2001""}"
8192401065|27792531@N02|2001|Fujifilm X-E1|Fujifilm|27792531@N02_Fujifilm_b518bd16.json|"{""id"": ""8192401065"", ""owner"": ""27792531@N02"", ""title"": ""DSCF7914"", ""realname"": """", ""ownername"": ""YangChen(TW)"", ""datetaken"": ""2012-11-17 16:33:21"", ""max_width"": 4896, ""max_height"": 3264, ""url_max"": ""https://live.staticflickr.com/8490/8192401065_df78d0ac9d_o.jpg"", ""max_width_2000"": 1365, ""max_height_2000"": 2048, ""url_max_2000"": ""https://live.staticflickr.com/8490/8192401065_71324f1a54_k.jpg"", ""flickr_page"": ""https://www.flickr.com/photos/27792531@N02/8192401065"", ""camera"": ""Fujifilm X-E1"", ""create_date"": ""2012:11:17 16:33:21"", ""lens_model"": ""XF35mmF1.4 R"", ""iso"": ""3200"", ""exposure_time"": ""1/125"", ""exposure_program"": ""Manual"", ""exposure_compensation"": ""0"", ""aperture"": ""3.2"", ""focal_length"": ""35.0 mm"", ""focal_length_in35mm"": ""53 mm"", ""white_balance"": ""Auto"", ""metering_mode"": ""Multi-segment"", ""flash"": ""Off, Did not fire"", ""pageid"": ""2001""}"
8192402299|27792531@N02|2001|Fujifilm X-E1|Fujifilm|27792531@N02_Fujifilm_b518bd16.json|"{""id"": ""8192402299"", ""owner"": ""27792531@N02"", ""title"": ""DSCF7910"", ""realname"": """", ""ownername"": ""YangChen(TW)"", ""datetaken"": ""2012-11-17 16:31:26"", ""max_width"": 4896, ""max_height"": 3264, ""url_max"": ""https://live.staticflickr.com/8490/8192402299_cc57c65fd7_o.jpg"", ""max_width_2000"": 1600, ""max_height_2000"": 1067, ""url_max_2000"": ""https://live.staticflickr.com/8490/8192402299_377f5c1c67_h.jpg"", ""flickr_page"": ""https://www.flickr.com/photos/27792531@N02/8192402299"", ""camera"": ""Fujifilm X-E1"", ""create_date"": ""2012:11:17 16:31:26"", ""lens_model"": ""XF35mmF1.4 R"", ""iso"": ""3200"", ""exposure_time"": ""1/125"", ""exposure_program"": ""Manual"", ""exposure_compensation"": ""0"", ""aperture"": ""2.5"", ""focal_length"": ""35.0 mm"", ""focal_length_in35mm"": ""53 mm"", ""white_balance"": ""Auto"", ""metering_mode"": ""Multi-segment"", ""flash"": ""Off, Did not fire"", ""pageid"": ""2001""}"
8193489734|27792531@N02|2001|Fujifilm X-E1|Fujifilm|27792531@N02_Fujifilm_b518bd16.json|"{""id"": ""8193489734"", ""owner"": ""27792531@N02"", ""title"": ""DSCF7906"", ""realname"": """", ""ownername"": ""YangChen(TW)"", ""datetaken"": ""2012-11-17 16:29:46"", ""max_width"": 4896, ""max_height"": 3264, ""url_max"": ""https://live.staticflickr.com/8200/8193489734_5c6ab1263a_o.jpg"", ""max_width_2000"": 1365, ""max_height_2000"": 2048, ""url_max_2000"": ""https://live.staticflickr.com/8200/8193489734_efa7000d21_k.jpg"", ""flickr_page"": ""https://www.flickr.com/photos/27792531@N02/8193489734"", ""camera"": ""Fujifilm X-E1"", ""create_date"": ""2012:11:17 16:29:46"", ""lens_model"": ""XF35mmF1.4 R"", ""iso"": ""3200"", ""exposure_time"": ""1/125"", ""exposure_program"": ""Manual"", ""exposure_compensation"": ""0"", ""aperture"": ""2.8"", ""focal_length"": ""35.0 mm"", ""focal_length_in35mm"": ""53 mm"", ""white_balance"": ""Auto"", ""metering_mode"": ""Multi-segment"", ""flash"": ""Off, Did not fire"", ""pageid"": ""2001""}"
8193490064|27792531@N02|2001|Fujifilm X-E1|Fujifilm|27792531@N02_Fujifilm_b518bd16.json|"{""id"": ""8193490064"", ""owner"": ""27792531@N02"", ""title"": ""DSCF7905"", ""realname"": """", ""ownername"": ""YangChen(TW)"", ""datetaken"": ""2012-11-17 16:29:31"", ""max_width"": 4896, ""max_height"": 3264, ""url_max"": ""https://live.staticflickr.com/8065/8193490064_0397c3c863_o.jpg"", ""max_width_2000"": 1600, ""max_height_2000"": 1067, ""url_max_2000"": ""https://live.staticflickr.com/8065/8193490064_ecf92c1eb8_h.jpg"", ""flickr_page"": ""https://www.flickr.com/photos/27792531@N02/8193490064"", ""camera"": ""Fujifilm X-E1"", ""create_date"": ""2012:11:17 16:29:31"", ""lens_model"": ""XF35mmF1.4 R"", ""iso"": ""3200"", ""exposure_time"": ""1/125"", ""exposure_program"": ""Manual"", ""exposure_compensation"": ""0"", ""aperture"": ""2.8"", ""focal_length"": ""35.0 mm"", ""focal_length_in35mm"": ""53 mm"", ""white_balance"": ""Auto"", ""metering_mode"": ""Multi-segment"", ""flash"": ""Off, Did not fire"", ""pageid"": ""2001""}"
8193490544|27792531@N02|2001|Fujifilm X-E1|Fujifilm|27792531@N02_Fujifilm_b518bd16.json|"{""id"": ""8193490544"", ""owner"": ""27792531@N02"", ""title"": ""DSCF7903"", ""realname"": """", ""ownername"": ""YangChen(TW)"", ""datetaken"": ""2012-11-17 16:29:04"", ""max_width"": 4896, ""max_height"": 3264, ""url_max"": ""https://live.staticflickr.com/8059/8193490544_906d8221c7_o.jpg"", ""max_width_2000"": 1600, ""max_height_2000"": 1067, ""url_max_2000"": ""https://live.staticflickr.com/8059/8193490544_6f5cad30e5_h.jpg"", ""flickr_page"": ""https://www.flickr.com/photos/27792531@N02/8193490544"", ""camera"": ""Fujifilm X-E1"", ""create_date"": ""2012:11:17 16:29:04"", ""lens_model"": ""XF35mmF1.4 R"", ""iso"": ""3200"", ""exposure_time"": ""1/125"", ""exposure_program"": ""Manual"", ""exposure_compensation"": ""0"", ""aperture"": ""2.8"", ""focal_length"": ""35.0 mm"", ""focal_length_in35mm"": ""53 mm"", ""white_balance"": ""Auto"", ""metering_mode"": ""Multi-segment"", ""flash"": ""Off, Did not fire"", ""pageid"": ""2001""}"
8193488858|27792531@N02|2001|Fujifilm X-E1|Fujifilm|27792531@N02_Fujifilm_b518bd16.json|"{""id"": ""8193488858"", ""owner"": ""27792531@N02"", ""title"": ""DSCF7912"", ""realname"": """", ""ownername"": ""YangChen(TW)"", ""datetaken"": ""2012-11-17 16:31:43"", ""max_width"": 4896, ""max_height"": 3264, ""url_max"": ""https://live.staticflickr.com/8480/8193488858_d6aebd0e47_o.jpg"", ""max_width_2000"": 1600, ""max_height_2000"": 1067, ""url_max_2000"": ""https://live.staticflickr.com/8480/8193488858_cecbbf0986_h.jpg"", ""flickr_page"": ""https://www.flickr.com/photos/27792531@N02/8193488858"", ""camera"": ""Fujifilm X-E1"", ""create_date"": ""2012:11:17 16:31:43"", ""lens_model"": ""XF35mmF1.4 R"", ""iso"": ""3200"", ""exposure_time"": ""1/125"", ""exposure_program"": ""Manual"", ""exposure_compensation"": ""0"", ""aperture"": ""3.2"", ""focal_length"": ""35.0 mm"", ""focal_length_in35mm"": ""53 mm"", ""white_balance"": ""Auto"", ""metering_mode"": ""Multi-segment"", ""flash"": ""Off, Did not fire"", ""pageid"": ""2001""}"
8193491518|27792531@N02|2001|Fujifilm X-E1|Fujifilm|27792531@N02_Fujifilm_b518bd16.json|"{""id"": ""8193491518"", ""owner"": ""27792531@N02"", ""title"": ""DSCF7899"", ""realname"": """", ""ownername"": ""YangChen(TW)"", ""datetaken"": ""2012-11-17 16:28:52"", ""max_width"": 4896, ""max_height"": 3264, ""url_max"": ""https://live.staticflickr.com/8344/8193491518_7af38501ce_o.jpg"", ""max_width_2000"": 1600, ""max_height_2000"": 1067, ""url_max_2000"": ""https://live.staticflickr.com/8344/8193491518_d06f34a223_h.jpg"", ""flickr_page"": ""https://www.flickr.com/photos/27792531@N02/8193491518"", ""camera"": ""Fujifilm X-E1"", ""create_date"": ""2012:11:17 16:28:52"", ""lens_model"": ""XF35mmF1.4 R"", ""iso"": ""3200"", ""exposure_time"": ""1/125"", ""exposure_program"": ""Manual"", ""exposure_compensation"": ""0"", ""aperture"": ""2.8"", ""focal_length"": ""35.0 mm"", ""focal_length_in35mm"": ""53 mm"", ""white_balance"": ""Auto"", ""metering_mode"": ""Multi-segment"", ""flash"": ""Off, Did not fire"", ""pageid"": ""2001""}"
8193490326|27792531@N02|2001|Fujifilm X-E1|Fujifilm|27792531@N02_Fujifilm_b518bd16.json|"{""id"": ""8193490326"", ""owner"": ""27792531@N02"", ""title"": ""DSCF7904"", ""realname"": """", ""ownername"": ""YangChen(TW)"", ""datetaken"": ""2012-11-17 16:29:05"", ""max_width"": 4896, ""max_height"": 3264, ""url_max"": ""https://live.staticflickr.com/8202/8193490326_399c7f5921_o.jpg"", ""max_width_2000"": 1600, ""max_height_2000"": 1067, ""url_max_2000"": ""https://live.staticflickr.com/8202/8193490326_f6c2501c30_h.jpg"", ""flickr_page"": ""https://www.flickr.com/photos/27792531@N02/8193490326"", ""camera"": ""Fujifilm X-E1"", ""create_date"": ""2012:11:17 16:29:05"", ""lens_model"": ""XF35mmF1.4 R"", ""iso"": ""3200"", ""exposure_time"": ""1/125"", ""exposure_program"": ""Manual"", ""exposure_compensation"": ""0"", ""aperture"": ""2.8"", ""focal_length"": ""35.0 mm"", ""focal_length_in35mm"": ""53 mm"", ""white_balance"": ""Auto"", ""metering_mode"": ""Multi-segment"", ""flash"": ""Off, Did not fire"", ""pageid"": ""2001""}"
8193490816|27792531@N02|2001|Fujifilm X-E1|Fujifilm|27792531@N02_Fujifilm_b518bd16.json|"{""id"": ""8193490816"", ""owner"": ""27792531@N02"", ""title"": ""DSCF7901"", ""realname"": """", ""ownername"": ""YangChen(TW)"", ""datetaken"": ""2012-11-17 16:28:57"", ""max_width"": 4896, ""max_height"": 3264, ""url_max"": ""https://live.staticflickr.com/8344/8193490816_68954b5118_o.jpg"", ""max_width_2000"": 1600, ""max_height_2000"": 1067, ""url_max_2000"": ""https://live.staticflickr.com/8344/8193490816_a3d00b59bd_h.jpg"", ""flickr_page"": ""https://www.flickr.com/photos/27792531@N02/8193490816"", ""camera"": ""Fujifilm X-E1"", ""create_date"": ""2012:11:17 16:28:57"", ""lens_model"": ""XF35mmF1.4 R"", ""iso"": ""3200"", ""exposure_time"": ""1/125"", ""exposure_program"": ""Manual"", ""exposure_compensation"": ""0"", ""aperture"": ""2.8"", ""focal_length"": ""35.0 mm"", ""focal_length_in35mm"": ""53 mm"", ""white_balance"": ""Auto"", ""metering_mode"": ""Multi-segment"", ""flash"": ""Off, Did not fire"", ""pageid"": ""2001""}"
8193492184|27792531@N02|2001|Fujifilm X-E1|Fujifilm|27792531@N02_Fujifilm_b518bd16.json|"{""id"": ""8193492184"", ""owner"": ""27792531@N02"", ""title"": ""DSCF7895"", ""realname"": """", ""ownername"": ""YangChen(TW)"", ""datetaken"": ""2012-11-17 16:27:13"", ""max_width"": 4896, ""max_height"": 3264, ""url_max"": ""https://live.staticflickr.com/8199/8193492184_589c74a963_o.jpg"", ""max_width_2000"": 1365, ""max_height_2000"": 2048, ""url_max_2000"": ""https://live.staticflickr.com/8199/8193492184_4cb8747270_k.jpg"", ""flickr_page"": ""https://www.flickr.com/photos/27792531@N02/8193492184"", ""camera"": ""Fujifilm X-E1"", ""create_date"": ""2012:11:17 16:27:13"", ""lens_model"": ""XF35mmF1.4 R"", ""iso"": ""3200"", ""exposure_time"": ""1/125"", ""exposure_program"": ""Manual"", ""exposure_compensation"": ""0"", ""aperture"": ""2.8"", ""focal_length"": ""35.0 mm"", ""focal_length_in35mm"": ""53 mm"", ""white_balance"": ""Auto"", ""metering_mode"": ""Multi-segment"", ""flash"": ""Off, Did not fire"", ""pageid"": ""2001""}"
8193491134|27792531@N02|2001|Fujifilm X-E1|Fujifilm|27792531@N02_Fujifilm_b518bd16.json|"{""id"": ""8193491134"", ""owner"": ""27792531@N02"", ""title"": ""DSCF7900"", ""realname"": """", ""ownername"": ""YangChen(TW)"", ""datetaken"": ""2012-11-17 16:28:54"", ""max_width"": 4896, ""max_height"": 3264, ""url_max"": ""https://live.staticflickr.com/8199/8193491134_bbe6f5df13_o.jpg"", ""max_width_2000"": 1600, ""max_height_2000"": 1067, ""url_max_2000"": ""https://live.staticflickr.com/8199/8193491134_b8b7fa362a_h.jpg"", ""flickr_page"": ""https://www.flickr.com/photos/27792531@N02/8193491134"", ""camera"": ""Fujifilm X-E1"", ""create_date"": ""2012:11:17 16:28:54"", ""lens_model"": ""XF35mmF1.4 R"", ""iso"": ""3200"", ""exposure_time"": ""1/125"", ""exposure_program"": ""Manual"", ""exposure_compensation"": ""0"", ""aperture"": ""2.8"", ""focal_length"": ""35.0 mm"", ""focal_length_in35mm"": ""53 mm"", ""white_balance"": ""Auto"", ""metering_mode"": ""Multi-segment"", ""flash"": ""Off, Did not fire"", ""pageid"": ""2001""}"
8193492470|27792531@N02|2001|Fujifilm X-E1|Fujifilm|27792531@N02_Fujifilm_b518bd16.json|"{""id"": ""8193492470"", ""owner"": ""27792531@N02"", ""title"": ""DSCF7894"", ""realname"": """", ""ownername"": ""YangChen(TW)"", ""datetaken"": ""2012-11-17 16:26:23"", ""max_width"": 4896, ""max_height"": 3264, ""url_max"": ""https://live.staticflickr.com/8341/8193492470_8f5cfcd9e1_o.jpg"", ""max_width_2000"": 1365, ""max_height_2000"": 2048, ""url_max_2000"": ""https://live.staticflickr.com/8341/8193492470_f04f1bfbca_k.jpg"", ""flickr_page"": ""https://www.flickr.com/photos/27792531@N02/8193492470"", ""camera"": ""Fujifilm X-E1"", ""create_date"": ""2012:11:17 16:26:23"", ""lens_model"": ""XF35mmF1.4 R"", ""iso"": ""3200"", ""exposure_time"": ""1/125"", ""exposure_program"": ""Manual"", ""exposure_compensation"": ""0"", ""aperture"": ""2.8"", ""focal_length"": ""35.0 mm"", ""focal_length_in35mm"": ""53 mm"", ""white_balance"": ""Auto"", ""metering_mode"": ""Multi-segment"", ""flash"": ""Off, Did not fire"", ""pageid"": ""2001""}"
8193527116|27792531@N02|2001|Fujifilm X-E1|Fujifilm|27792531@N02_Fujifilm_b518bd16.json|"{""id"": ""8193527116"", ""owner"": ""27792531@N02"", ""title"": ""DSCF7932"", ""realname"": """", ""ownername"": ""YangChen(TW)"", ""datetaken"": ""2012-11-17 16:41:16"", ""max_width"": 4896, ""max_height"": 3264, ""url_max"": ""https://live.staticflickr.com/8064/8193527116_56ab444ae3_o.jpg"", ""max_width_2000"": 1365, ""max_height_2000"": 2048, ""url_max_2000"": ""https://live.staticflickr.com/8064/8193527116_b881245cca_k.jpg"", ""flickr_page"": ""https://www.flickr.com/photos/27792531@N02/8193527116"", ""camera"": ""Fujifilm X-E1"", ""create_date"": ""2012:11:17 16:41:16"", ""lens_model"": ""XF35mmF1.4 R"", ""iso"": ""3200"", ""exposure_time"": ""1/100"", ""exposure_program"": ""Manual"", ""exposure_compensation"": ""0"", ""aperture"": ""2.5"", ""focal_length"": ""35.0 mm"", ""focal_length_in35mm"": ""53 mm"", ""white_balance"": ""Auto"", ""metering_mode"": ""Multi-segment"", ""flash"": ""Off, Did not fire"", ""pageid"": ""2001""}"
8193529132|27792531@N02|2001|Fujifilm X-E1|Fujifilm|27792531@N02_Fujifilm_b518bd16.json|"{""id"": ""8193529132"", ""owner"": ""27792531@N02"", ""title"": ""DSCF7918"", ""realname"": """", ""ownername"": ""YangChen(TW)"", ""datetaken"": ""2012-11-17 16:36:25"", ""max_width"": 4896, ""max_height"": 3264, ""url_max"": ""https://live.staticflickr.com/8203/8193529132_f21f79c731_o.jpg"", ""max_width_2000"": 1600, ""max_height_2000"": 1067, ""url_max_2000"": ""https://live.staticflickr.com/8203/8193529132_0162b02ed5_h.jpg"", ""flickr_page"": ""https://www.flickr.com/photos/27792531@N02/8193529132"", ""camera"": ""Fujifilm X-E1"", ""create_date"": ""2012:11:17 16:36:25"", ""lens_model"": ""XF35mmF1.4 R"", ""iso"": ""3200"", ""exposure_time"": ""1/125"", ""exposure_program"": ""Manual"", ""exposure_compensation"": ""0"", ""aperture"": ""4.0"", ""focal_length"": ""35.0 mm"", ""focal_length_in35mm"": ""53 mm"", ""white_balance"": ""Auto"", ""metering_mode"": ""Multi-segment"", ""flash"": ""Off, Did not fire"", ""pageid"": ""2001""}"
8193527806|27792531@N02|2001|Fujifilm X-E1|Fujifilm|27792531@N02_Fujifilm_b518bd16.json|"{""id"": ""8193527806"", ""owner"": ""27792531@N02"", ""title"": ""DSCF7922"", ""realname"": """", ""ownername"": ""YangChen(TW)"", ""datetaken"": ""2012-11-17 16:37:23"", ""max_width"": 4896, ""max_height"": 3264, ""url_max"": ""https://live.staticflickr.com/8488/8193527806_18d8cba18f_o.jpg"", ""max_width_2000"": 1365, ""max_height_2000"": 2048, ""url_max_2000"": ""https://live.staticflickr.com/8488/8193527806_36e38f5769_k.jpg"", ""flickr_page"": ""https://www.flickr.com/photos/27792531@N02/8193527806"", ""camera"": ""Fujifilm X-E1"", ""create_date"": ""2012:11:17 16:37:23"", ""lens_model"": ""XF35mmF1.4 R"", ""iso"": ""3200"", ""exposure_time"": ""1/125"", ""exposure_program"": ""Manual"", ""exposure_compensation"": ""0"", ""aperture"": ""3.2"", ""focal_length"": ""35.0 mm"", ""focal_length_in35mm"": ""53 mm"", ""white_balance"": ""Auto"", ""metering_mode"": ""Multi-segment"", ""flash"": ""Off, Did not fire"", ""pageid"": ""2001""}"
8193527462|27792531@N02|2001|Fujifilm X-E1|Fujifilm|27792531@N02_Fujifilm_b518bd16.json|"{""id"": ""8193527462"", ""owner"": ""27792531@N02"", ""title"": ""DSCF7929"", ""realname"": """", ""ownername"": ""YangChen(TW)"", ""datetaken"": ""2012-11-17 16:40:37"", ""max_width"": 4896, ""max_height"": 3264, ""url_max"": ""https://live.staticflickr.com/8199/8193527462_bd6caba8fb_o.jpg"", ""max_width_2000"": 1600, ""max_height_2000"": 1067, ""url_max_2000"": ""https://live.staticflickr.com/8199/8193527462_83262b10b8_h.jpg"", ""flickr_page"": ""https://www.flickr.com/photos/27792531@N02/8193527462"", ""camera"": ""Fujifilm X-E1"", ""create_date"": ""2012:11:17 16:40:37"", ""lens_model"": ""XF35mmF1.4 R"", ""iso"": ""3200"", ""exposure_time"": ""1/125"", ""exposure_program"": ""Manual"", ""exposure_compensation"": ""0"", ""aperture"": ""2.8"", ""focal_length"": ""35.0 mm"", ""focal_length_in35mm"": ""53 mm"", ""white_balance"": ""Auto"", ""metering_mode"": ""Multi-segment"", ""flash"": ""Off, Did not fire"", ""pageid"": ""2001""}"
8193526588|27792531@N02|2001|Fujifilm X-E1|Fujifilm|27792531@N02_Fujifilm_b518bd16.json|"{""id"": ""8193526588"", ""owner"": ""27792531@N02"", ""title"": ""DSCF7935"", ""realname"": """", ""ownername"": ""YangChen(TW)"", ""datetaken"": ""2012-11-17 16:41:31"", ""max_width"": 4896, ""max_height"": 3264, ""url_max"": ""https://live.staticflickr.com/8347/8193526588_c3ba94454f_o.jpg"", ""max_width_2000"": 1600, ""max_height_2000"": 1067, ""url_max_2000"": ""https://live.staticflickr.com/8347/8193526588_b7d0047148_h.jpg"", ""flickr_page"": ""https://www.flickr.com/photos/27792531@N02/8193526588"", ""camera"": ""Fujifilm X-E1"", ""create_date"": ""2012:11:17 16:41:31"", ""lens_model"": ""XF35mmF1.4 R"", ""iso"": ""3200"", ""exposure_time"": ""1/125"", ""exposure_program"": ""Manual"", ""exposure_compensation"": ""0"", ""aperture"": ""2.8"", ""focal_length"": ""35.0 mm"", ""focal_length_in35mm"": ""53 mm"", ""white_balance"": ""Auto"", ""metering_mode"": ""Multi-segment"", ""flash"": ""Off, Did not fire"", ""pageid"": ""2001""}"
8194291307|27792531@N02|2000|Fujifilm X-E1|Fujifilm|27792531@N02_Fujifilm_b518bd16.json|"{""id"": ""8194291307"", ""owner"": ""27792531@N02"", ""title"": ""DSCF8042"", ""realname"": """", ""ownername"": ""YangChen(TW)"", ""datetaken"": ""2012-11-18 10:06:40"", ""max_width"": 4896, ""max_height"": 3264, ""url_max"": ""https://live.staticflickr.com/8066/8194291307_2fbb881c83_o.jpg"", ""max_width_2000"": 1365, ""max_height_2000"": 2048, ""url_max_2000"": ""https://live.staticflickr.com/8066/8194291307_abe85e4a38_k.jpg"", ""flickr_page"": ""https://www.flickr.com/photos/27792531@N02/8194291307"", ""camera"": ""Fujifilm X-E1"", ""create_date"": ""2012:11:18 10:06:40"", ""lens_model"": ""XF35mmF1.4 R"", ""iso"": ""2500"", ""exposure_time"": ""1/52"", ""exposure_program"": ""Aperture-priority AE"", ""exposure_compensation"": ""+0.67"", ""aperture"": ""5.6"", ""focal_length"": ""35.0 mm"", ""focal_length_in35mm"": ""53 mm"", ""white_balance"": ""Auto"", ""metering_mode"": ""Multi-segment"", ""flash"": ""Off, Did not fire"", ""pageid"": ""2000""}"
8194292133|27792531@N02|2000|Fujifilm X-E1|Fujifilm|27792531@N02_Fujifilm_b518bd16.json|"{""id"": ""8194292133"", ""owner"": ""27792531@N02"", ""title"": ""DSCF8038"", ""realname"": """", ""ownername"": ""YangChen(TW)"", ""datetaken"": ""2012-11-18 10:06:12"", ""max_width"": 4896, ""max_height"": 3264, ""url_max"": ""https://live.staticflickr.com/8069/8194292133_1d35a3c731_o.jpg"", ""max_width_2000"": 1600, ""max_height_2000"": 1067, ""url_max_2000"": ""https://live.staticflickr.com/8069/8194292133_6f9420203a_h.jpg"", ""flickr_page"": ""https://www.flickr.com/photos/27792531@N02/8194292133"", ""camera"": ""Fujifilm X-E1"", ""create_date"": ""2012:11:18 10:06:12"", ""lens_model"": ""XF35mmF1.4 R"", ""iso"": ""2500"", ""exposure_time"": ""1/52"", ""exposure_program"": ""Aperture-priority AE"", ""exposure_compensation"": ""+0.67"", ""aperture"": ""5.6"", ""focal_length"": ""35.0 mm"", ""focal_length_in35mm"": ""53 mm"", ""white_balance"": ""Auto"", ""metering_mode"": ""Multi-segment"", ""flash"": ""Off, Did not fire"", ""pageid"": ""2000""}"
8194291663|27792531@N02|2000|Fujifilm X-E1|Fujifilm|27792531@N02_Fujifilm_b518bd16.json|"{""id"": ""8194291663"", ""owner"": ""27792531@N02"", ""title"": ""DSCF8040"", ""realname"": """", ""ownername"": ""YangChen(TW)"", ""datetaken"": ""2012-11-18 10:06:25"", ""max_width"": 4896, ""max_height"": 3264, ""url_max"": ""https://live.staticflickr.com/8343/8194291663_751335306b_o.jpg"", ""max_width_2000"": 1600, ""max_height_2000"": 1067, ""url_max_2000"": ""https://live.staticflickr.com/8343/8194291663_161da5659e_h.jpg"", ""flickr_page"": ""https://www.flickr.com/photos/27792531@N02/8194291663"", ""camera"": ""Fujifilm X-E1"", ""create_date"": ""2012:11:18 10:06:25"", ""lens_model"": ""XF35mmF1.4 R"", ""iso"": ""3200"", ""exposure_time"": ""1/50"", ""exposure_program"": ""Aperture-priority AE"", ""exposure_compensation"": ""+0.67"", ""aperture"": ""5.6"", ""focal_length"": ""35.0 mm"", ""focal_length_in35mm"": ""53 mm"", ""white_balance"": ""Auto"", ""metering_mode"": ""Multi-segment"", ""flash"": ""Off, Did not fire"", ""pageid"": ""2000""}"
8194287259|27792531@N02|2000|Fujifilm X-E1|Fujifilm|27792531@N02_Fujifilm_b518bd16.json|"{""id"": ""8194287259"", ""owner"": ""27792531@N02"", ""title"": ""DSCF8060"", ""realname"": """", ""ownername"": ""YangChen(TW)"", ""datetaken"": ""2012-11-18 10:31:29"", ""max_width"": 4896, ""max_height"": 3264, ""url_max"": ""https://live.staticflickr.com/8349/8194287259_48ddc634da_o.jpg"", ""max_width_2000"": 1600, ""max_height_2000"": 1067, ""url_max_2000"": ""https://live.staticflickr.com/8349/8194287259_5a86675dc7_h.jpg"", ""flickr_page"": ""https://www.flickr.com/photos/27792531@N02/8194287259"", ""camera"": ""Fujifilm X-E1"", ""create_date"": ""2012:11:18 10:31:29"", ""lens_model"": ""XF35mmF1.4 R"", ""iso"": ""2000"", ""exposure_time"": ""1/52"", ""exposure_program"": ""Aperture-priority AE"", ""exposure_compensation"": ""+0.67"", ""aperture"": ""4.0"", ""focal_length"": ""35.0 mm"", ""focal_length_in35mm"": ""53 mm"", ""white_balance"": ""Auto"", ""metering_mode"": ""Multi-segment"", ""flash"": ""Off, Did not fire"", ""pageid"": ""2000""}"
8194289019|27792531@N02|2000|Fujifilm X-E1|Fujifilm|27792531@N02_Fujifilm_b518bd16.json|"{""id"": ""8194289019"", ""owner"": ""27792531@N02"", ""title"": ""DSCF8051"", ""realname"": """", ""ownername"": ""YangChen(TW)"", ""datetaken"": ""2012-11-18 10:10:28"", ""max_width"": 4896, ""max_height"": 3264, ""url_max"": ""https://live.staticflickr.com/8478/8194289019_079b111c0e_o.jpg"", ""max_width_2000"": 1600, ""max_height_2000"": 1067, ""url_max_2000"": ""https://live.staticflickr.com/8478/8194289019_5c51f9d7e1_h.jpg"", ""flickr_page"": ""https://www.flickr.com/photos/27792531@N02/8194289019"", ""camera"": ""Fujifilm X-E1"", ""create_date"": ""2012:11:18 10:10:28"", ""lens_model"": ""XF35mmF1.4 R"", ""iso"": ""2000"", ""exposure_time"": ""1/52"", ""exposure_program"": ""Aperture-priority AE"", ""exposure_compensation"": ""+0.67"", ""aperture"": ""2.8"", ""focal_length"": ""35.0 mm"", ""focal_length_in35mm"": ""53 mm"", ""white_balance"": ""Auto"", ""metering_mode"": ""Multi-segment"", ""flash"": ""Off, Did not fire"", ""pageid"": ""2000""}"
8194290775|27792531@N02|2000|Fujifilm X-E1|Fujifilm|27792531@N02_Fujifilm_b518bd16.json|"{""id"": ""8194290775"", ""owner"": ""27792531@N02"", ""title"": ""DSCF8043"", ""realname"": """", ""ownername"": ""YangChen(TW)"", ""datetaken"": ""2012-11-18 10:06:58"", ""max_width"": 4896, ""max_height"": 3264, ""url_max"": ""https://live.staticflickr.com/8061/8194290775_8e962721cd_o.jpg"", ""max_width_2000"": 1600, ""max_height_2000"": 1067, ""url_max_2000"": ""https://live.staticflickr.com/8061/8194290775_832aa851b2_h.jpg"", ""flickr_page"": ""https://www.flickr.com/photos/27792531@N02/8194290775"", ""camera"": ""Fujifilm X-E1"", ""create_date"": ""2012:11:18 10:06:58"", ""lens_model"": ""XF35mmF1.4 R"", ""iso"": ""2500"", ""exposure_time"": ""1/52"", ""exposure_program"": ""Aperture-priority AE"", ""exposure_compensation"": ""+0.67"", ""aperture"": ""2.8"", ""focal_length"": ""35.0 mm"", ""focal_length_in35mm"": ""53 mm"", ""white_balance"": ""Auto"", ""metering_mode"": ""Multi-segment"", ""flash"": ""Off, Did not fire"", ""pageid"": ""2000""}"
8194292991|27792531@N02|2000|Fujifilm X-E1|Fujifilm|27792531@N02_Fujifilm_b518bd16.json|"{""id"": ""8194292991"", ""owner"": ""27792531@N02"", ""title"": ""DSCF8036"", ""realname"": """", ""ownername"": ""YangChen(TW)"", ""datetaken"": ""2012-11-18 10:05:42"", ""max_width"": 4896, ""max_height"": 3264, ""url_max"": ""https://live.staticflickr.com/8204/8194292991_8058def29f_o.jpg"", ""max_width_2000"": 1600, ""max_height_2000"": 1067, ""url_max_2000"": ""https://live.staticflickr.com/8204/8194292991_bcdd212b1a_h.jpg"", ""flickr_page"": ""https://www.flickr.com/photos/27792531@N02/8194292991"", ""camera"": ""Fujifilm X-E1"", ""create_date"": ""2012:11:18 10:05:42"", ""lens_model"": ""XF35mmF1.4 R"", ""iso"": ""400"", ""exposure_time"": ""1/160"", ""exposure_program"": ""Aperture-priority AE"", ""exposure_compensation"": ""+1"", ""aperture"": ""5.6"", ""focal_length"": ""35.0 mm"", ""focal_length_in35mm"": ""53 mm"", ""white_balance"": ""Auto"", ""metering_mode"": ""Multi-segment"", ""flash"": ""Off, Did not fire"", ""pageid"": ""2000""}"
8194286825|27792531@N02|2000|Fujifilm X-E1|Fujifilm|27792531@N02_Fujifilm_b518bd16.json|"{""id"": ""8194286825"", ""owner"": ""27792531@N02"", ""title"": ""DSCF8061"", ""realname"": """", ""ownername"": ""YangChen(TW)"", ""datetaken"": ""2012-11-18 11:02:44"", ""max_width"": 4896, ""max_height"": 3264, ""url_max"": ""https://live.staticflickr.com/8478/8194286825_efb5e0d106_o.jpg"", ""max_width_2000"": 1365, ""max_height_2000"": 2048, ""url_max_2000"": ""https://live.staticflickr.com/8478/8194286825_9c02889b57_k.jpg"", ""flickr_page"": ""https://www.flickr.com/photos/27792531@N02/8194286825"", ""camera"": ""Fujifilm X-E1"", ""create_date"": ""2012:11:18 11:02:44"", ""lens_model"": ""XF35mmF1.4 R"", ""iso"": ""400"", ""exposure_time"": ""1/125"", ""exposure_program"": ""Aperture-priority AE"", ""exposure_compensation"": ""+0.67"", ""aperture"": ""4.0"", ""focal_length"": ""35.0 mm"", ""focal_length_in35mm"": ""53 mm"", ""white_balance"": ""Auto"", ""metering_mode"": ""Multi-segment"", ""flash"": ""Off, Did not fire"", ""pageid"": ""2000""}"
8192396529|27792531@N02|2000|Fujifilm X-E1|Fujifilm|27792531@N02_Fujifilm_b518bd16.json|"{""id"": ""8192396529"", ""owner"": ""27792531@N02"", ""title"": ""DSCF7937"", ""realname"": """", ""ownername"": ""YangChen(TW)"", ""datetaken"": ""2012-11-17 16:41:37"", ""max_width"": 4896, ""max_height"": 3264, ""url_max"": ""https://live.staticflickr.com/8065/8192396529_eafa304563_o.jpg"", ""max_width_2000"": 1600, ""max_height_2000"": 1067, ""url_max_2000"": ""https://live.staticflickr.com/8065/8192396529_8e9a2f546b_h.jpg"", ""flickr_page"": ""https://www.flickr.com/photos/27792531@N02/8192396529"", ""camera"": ""Fujifilm X-E1"", ""create_date"": ""2012:11:17 16:41:37"", ""lens_model"": ""XF35mmF1.4 R"", ""iso"": ""3200"", ""exposure_time"": ""1/100"", ""exposure_program"": ""Manual"", ""exposure_compensation"": ""0"", ""aperture"": ""2.8"", ""focal_length"": ""35.0 mm"", ""focal_length_in35mm"": ""53 mm"", ""white_balance"": ""Auto"", ""metering_mode"": ""Multi-segment"", ""flash"": ""Off, Did not fire"", ""pageid"": ""2000""}"
8194288145|27792531@N02|2000|Fujifilm X-E1|Fujifilm|27792531@N02_Fujifilm_b518bd16.json|"{""id"": ""8194288145"", ""owner"": ""27792531@N02"", ""title"": ""DSCF8054"", ""realname"": """", ""ownername"": ""YangChen(TW)"", ""datetaken"": ""2012-11-18 10:17:58"", ""max_width"": 4896, ""max_height"": 3264, ""url_max"": ""https://live.staticflickr.com/8349/8194288145_4c6718cc9a_o.jpg"", ""max_width_2000"": 1600, ""max_height_2000"": 1067, ""url_max_2000"": ""https://live.staticflickr.com/8349/8194288145_9f4dab8b0c_h.jpg"", ""flickr_page"": ""https://www.flickr.com/photos/27792531@N02/8194288145"", ""camera"": ""Fujifilm X-E1"", ""create_date"": ""2012:11:18 10:17:58"", ""lens_model"": ""XF35mmF1.4 R"", ""iso"": ""1600"", ""exposure_time"": ""1/52"", ""exposure_program"": ""Aperture-priority AE"", ""exposure_compensation"": ""+0.33"", ""aperture"": ""4.0"", ""focal_length"": ""35.0 mm"", ""focal_length_in35mm"": ""53 mm"", ""white_balance"": ""Auto"", ""metering_mode"": ""Multi-segment"", ""flash"": ""Off, Did not fire"", ""pageid"": ""2000""}"
8195379172|27792531@N02|2000|Fujifilm X-E1|Fujifilm|27792531@N02_Fujifilm_b518bd16.json|"{""id"": ""8195379172"", ""owner"": ""27792531@N02"", ""title"": ""DSCF8059"", ""realname"": """", ""ownername"": ""YangChen(TW)"", ""datetaken"": ""2012-11-18 10:20:21"", ""max_width"": 4896, ""max_height"": 3264, ""url_max"": ""https://live.staticflickr.com/8346/8195379172_3dcffbc7ac_o.jpg"", ""max_width_2000"": 1365, ""max_height_2000"": 2048, ""url_max_2000"": ""https://live.staticflickr.com/8346/8195379172_9d1a9ca96c_k.jpg"", ""flickr_page"": ""https://www.flickr.com/photos/27792531@N02/8195379172"", ""camera"": ""Fujifilm X-E1"", ""create_date"": ""2012:11:18 10:20:21"", ""lens_model"": ""XF35mmF1.4 R"", ""iso"": ""3200"", ""exposure_time"": ""1/45"", ""exposure_program"": ""Aperture-priority AE"", ""exposure_compensation"": ""0"", ""aperture"": ""4.0"", ""focal_length"": ""35.0 mm"", ""focal_length_in35mm"": ""53 mm"", ""white_balance"": ""Auto"", ""metering_mode"": ""Multi-segment"", ""flash"": ""Off, Did not fire"", ""pageid"": ""2000""}"
8195380782|27792531@N02|2000|Fujifilm X-E1|Fujifilm|27792531@N02_Fujifilm_b518bd16.json|"{""id"": ""8195380782"", ""owner"": ""27792531@N02"", ""title"": ""DSCF8050"", ""realname"": """", ""ownername"": ""YangChen(TW)"", ""datetaken"": ""2012-11-18 10:10:02"", ""max_width"": 4896, ""max_height"": 3264, ""url_max"": ""https://live.staticflickr.com/8345/8195380782_e09da56a9a_o.jpg"", ""max_width_2000"": 1365, ""max_height_2000"": 2048, ""url_max_2000"": ""https://live.staticflickr.com/8345/8195380782_1d5d6f34e8_k.jpg"", ""flickr_page"": ""https://www.flickr.com/photos/27792531@N02/8195380782"", ""camera"": ""Fujifilm X-E1"", ""create_date"": ""2012:11:18 10:10:02"", ""lens_model"": ""XF35mmF1.4 R"", ""iso"": ""2000"", ""exposure_time"": ""1/52"", ""exposure_program"": ""Aperture-priority AE"", ""exposure_compensation"": ""+0.67"", ""aperture"": ""2.8"", ""focal_length"": ""35.0 mm"", ""focal_length_in35mm"": ""53 mm"", ""white_balance"": ""Auto"", ""metering_mode"": ""Multi-segment"", ""flash"": ""Off, Did not fire"", ""pageid"": ""2000""}"
8195381230|27792531@N02|2000|Fujifilm X-E1|Fujifilm|27792531@N02_Fujifilm_b518bd16.json|"{""id"": ""8195381230"", ""owner"": ""27792531@N02"", ""title"": ""DSCF8049"", ""realname"": """", ""ownername"": ""YangChen(TW)"", ""datetaken"": ""2012-11-18 10:07:54"", ""max_width"": 4896, ""max_height"": 3264, ""url_max"": ""https://live.staticflickr.com/8344/8195381230_8e333e2114_o.jpg"", ""max_width_2000"": 1600, ""max_height_2000"": 1067, ""url_max_2000"": ""https://live.staticflickr.com/8344/8195381230_9163afaa9f_h.jpg"", ""flickr_page"": ""https://www.flickr.com/photos/27792531@N02/8195381230"", ""camera"": ""Fujifilm X-E1"", ""create_date"": ""2012:11:18 10:07:54"", ""lens_model"": ""XF35mmF1.4 R"", ""iso"": ""640"", ""exposure_time"": ""1/52"", ""exposure_program"": ""Aperture-priority AE"", ""exposure_compensation"": ""+0.67"", ""aperture"": ""2.8"", ""focal_length"": ""35.0 mm"", ""focal_length_in35mm"": ""53 mm"", ""white_balance"": ""Auto"", ""metering_mode"": ""Multi-segment"", ""flash"": ""Off, Did not fire"", ""pageid"": ""2000""}"
8195381492|27792531@N02|2000|Fujifilm X-E1|Fujifilm|27792531@N02_Fujifilm_b518bd16.json|"{""id"": ""8195381492"", ""owner"": ""27792531@N02"", ""title"": ""DSCF8047"", ""realname"": """", ""ownername"": ""YangChen(TW)"", ""datetaken"": ""2012-11-18 10:07:35"", ""max_width"": 4896, ""max_height"": 3264, ""url_max"": ""https://live.staticflickr.com/8477/8195381492_62830e9b98_o.jpg"", ""max_width_2000"": 1365, ""max_height_2000"": 2048, ""url_max_2000"": ""https://live.staticflickr.com/8477/8195381492_029fc43e34_k.jpg"", ""flickr_page"": ""https://www.flickr.com/photos/27792531@N02/8195381492"", ""camera"": ""Fujifilm X-E1"", ""create_date"": ""2012:11:18 10:07:35"", ""lens_model"": ""XF35mmF1.4 R"", ""iso"": ""640"", ""exposure_time"": ""1/52"", ""exposure_program"": ""Aperture-priority AE"", ""exposure_compensation"": ""+0.67"", ""aperture"": ""2.8"", ""focal_length"": ""35.0 mm"", ""focal_length_in35mm"": ""53 mm"", ""white_balance"": ""Auto"", ""metering_mode"": ""Multi-segment"", ""flash"": ""Off, Did not fire"", ""pageid"": ""2000""}"
8195380130|27792531@N02|2000|Fujifilm X-E1|Fujifilm|27792531@N02_Fujifilm_b518bd16.json|"{""id"": ""8195380130"", ""owner"": ""27792531@N02"", ""title"": ""DSCF8053"", ""realname"": """", ""ownername"": ""YangChen(TW)"", ""datetaken"": ""2012-11-18 10:15:30"", ""max_width"": 4896, ""max_height"": 3264, ""url_max"": ""https://live.staticflickr.com/8207/8195380130_bbba91d1f4_o.jpg"", ""max_width_2000"": 1365, ""max_height_2000"": 2048, ""url_max_2000"": ""https://live.staticflickr.com/8207/8195380130_65038e21ec_k.jpg"", ""flickr_page"": ""https://www.flickr.com/photos/27792531@N02/8195380130"", ""camera"": ""Fujifilm X-E1"", ""create_date"": ""2012:11:18 10:15:30"", ""lens_model"": ""XF35mmF1.4 R"", ""iso"": ""3200"", ""exposure_time"": ""1/52"", ""exposure_program"": ""Aperture-priority AE"", ""exposure_compensation"": ""+0.33"", ""aperture"": ""4.0"", ""focal_length"": ""35.0 mm"", ""focal_length_in35mm"": ""53 mm"", ""white_balance"": ""Auto"", ""metering_mode"": ""Multi-segment"", ""flash"": ""Off, Did not fire"", ""pageid"": ""2000""}"
8215969877|27792531@N02|2000|Fujifilm X-E1|Fujifilm|27792531@N02_Fujifilm_b518bd16.json|"{""id"": ""8215969877"", ""owner"": ""27792531@N02"", ""title"": ""DSCF8253"", ""realname"": """", ""ownername"": ""YangChen(TW)"", ""datetaken"": ""2012-11-24 17:52:13"", ""max_width"": 4896, ""max_height"": 3264, ""url_max"": ""https://live.staticflickr.com/8349/8215969877_7d68e66457_o.jpg"", ""max_width_2000"": 1600, ""max_height_2000"": 1067, ""url_max_2000"": ""https://live.staticflickr.com/8349/8215969877_d27f2fbed5_h.jpg"", ""flickr_page"": ""https://www.flickr.com/photos/27792531@N02/8215969877"", ""camera"": ""Fujifilm X-E1"", ""create_date"": ""2012:11:24 17:52:13"", ""lens_model"": ""XF35mmF1.4 R"", ""iso"": ""3200"", ""exposure_time"": ""1/250"", ""exposure_program"": ""Manual"", ""exposure_compensation"": ""0"", ""aperture"": ""4.0"", ""focal_length"": ""35.0 mm"", ""focal_length_in35mm"": ""53 mm"", ""white_balance"": ""Auto"", ""metering_mode"": ""Multi-segment"", ""flash"": ""Off, Did not fire"", ""pageid"": ""2000""}"
8195384678|27792531@N02|2000|Fujifilm X-E1|Fujifilm|27792531@N02_Fujifilm_b518bd16.json|"{""id"": ""8195384678"", ""owner"": ""27792531@N02"", ""title"": ""DSCF8035"", ""realname"": """", ""ownername"": ""YangChen(TW)"", ""datetaken"": ""2012-11-18 10:04:59"", ""max_width"": 4896, ""max_height"": 3264, ""url_max"": ""https://live.staticflickr.com/8067/8195384678_b85e8b6821_o.jpg"", ""max_width_2000"": 1365, ""max_height_2000"": 2048, ""url_max_2000"": ""https://live.staticflickr.com/8067/8195384678_43fc838e5f_k.jpg"", ""flickr_page"": ""https://www.flickr.com/photos/27792531@N02/8195384678"", ""camera"": ""Fujifilm X-E1"", ""create_date"": ""2012:11:18 10:04:59"", ""lens_model"": ""XF35mmF1.4 R"", ""iso"": ""400"", ""exposure_time"": ""1/52"", ""exposure_program"": ""Aperture-priority AE"", ""exposure_compensation"": ""+0.33"", ""aperture"": ""8.0"", ""focal_length"": ""35.0 mm"", ""focal_length_in35mm"": ""53 mm"", ""white_balance"": ""Auto"", ""metering_mode"": ""Multi-segment"", ""flash"": ""Off, Did not fire"", ""pageid"": ""2000""}"
8195381946|27792531@N02|2000|Fujifilm X-E1|Fujifilm|27792531@N02_Fujifilm_b518bd16.json|"{""id"": ""8195381946"", ""owner"": ""27792531@N02"", ""title"": ""DSCF8045"", ""realname"": """", ""ownername"": ""YangChen(TW)"", ""datetaken"": ""2012-11-18 10:07:24"", ""max_width"": 4896, ""max_height"": 3264, ""url_max"": ""https://live.staticflickr.com/8200/8195381946_f3b3f2faec_o.jpg"", ""max_width_2000"": 1600, ""max_height_2000"": 1067, ""url_max_2000"": ""https://live.staticflickr.com/8200/8195381946_aa8378e6c2_h.jpg"", ""flickr_page"": ""https://www.flickr.com/photos/27792531@N02/8195381946"", ""camera"": ""Fujifilm X-E1"", ""create_date"": ""2012:11:18 10:07:24"", ""lens_model"": ""XF35mmF1.4 R"", ""iso"": ""3200"", ""exposure_time"": ""1/50"", ""exposure_program"": ""Aperture-priority AE"", ""exposure_compensation"": ""+0.67"", ""aperture"": ""2.8"", ""focal_length"": ""35.0 mm"", ""focal_length_in35mm"": ""53 mm"", ""white_balance"": ""Auto"", ""metering_mode"": ""Multi-segment"", ""flash"": ""Off, Did not fire"", ""pageid"": ""2000""}"
8215969499|27792531@N02|2000|Fujifilm X-E1|Fujifilm|27792531@N02_Fujifilm_b518bd16.json|"{""id"": ""8215969499"", ""owner"": ""27792531@N02"", ""title"": ""DSCF8255"", ""realname"": """", ""ownername"": ""YangChen(TW)"", ""datetaken"": ""2012-11-24 17:52:55"", ""max_width"": 4896, ""max_height"": 3264, ""url_max"": ""https://live.staticflickr.com/8482/8215969499_01d32d17e5_o.jpg"", ""max_width_2000"": 1600, ""max_height_2000"": 1067, ""url_max_2000"": ""https://live.staticflickr.com/8482/8215969499_bb405fe220_h.jpg"", ""flickr_page"": ""https://www.flickr.com/photos/27792531@N02/8215969499"", ""camera"": ""Fujifilm X-E1"", ""create_date"": ""2012:11:24 17:52:55"", ""lens_model"": ""XF35mmF1.4 R"", ""iso"": ""3200"", ""exposure_time"": ""1/250"", ""exposure_program"": ""Manual"", ""exposure_compensation"": ""0"", ""aperture"": ""4.0"", ""focal_length"": ""35.0 mm"", ""focal_length_in35mm"": ""53 mm"", ""white_balance"": ""Auto"", ""metering_mode"": ""Multi-segment"", ""flash"": ""Off, Did not fire"", ""pageid"": ""2000""}"
8195384104|27792531@N02|2000|Fujifilm X-E1|Fujifilm|27792531@N02_Fujifilm_b518bd16.json|"{""id"": ""8195384104"", ""owner"": ""27792531@N02"", ""title"": ""DSCF8037"", ""realname"": """", ""ownername"": ""YangChen(TW)"", ""datetaken"": ""2012-11-18 10:05:51"", ""max_width"": 4896, ""max_height"": 3264, ""url_max"": ""https://live.staticflickr.com/8209/8195384104_1d47f0aef6_o.jpg"", ""max_width_2000"": 1600, ""max_height_2000"": 1067, ""url_max_2000"": ""https://live.staticflickr.com/8209/8195384104_d21faca816_h.jpg"", ""flickr_page"": ""https://www.flickr.com/photos/27792531@N02/8195384104"", ""camera"": ""Fujifilm X-E1"", ""create_date"": ""2012:11:18 10:05:51"", ""lens_model"": ""XF35mmF1.4 R"", ""iso"": ""640"", ""exposure_time"": ""1/52"", ""exposure_program"": ""Aperture-priority AE"", ""exposure_compensation"": ""+1"", ""aperture"": ""5.6"", ""focal_length"": ""35.0 mm"", ""focal_length_in35mm"": ""53 mm"", ""white_balance"": ""Auto"", ""metering_mode"": ""Multi-segment"", ""flash"": ""Off, Did not fire"", ""pageid"": ""2000""}"
8215971893|27792531@N02|2000|Fujifilm X-E1|Fujifilm|27792531@N02_Fujifilm_b518bd16.json|"{""id"": ""8215971893"", ""owner"": ""27792531@N02"", ""title"": ""DSCF8240"", ""realname"": """", ""ownername"": ""YangChen(TW)"", ""datetaken"": ""2012-11-24 17:23:48"", ""max_width"": 4896, ""max_height"": 3264, ""url_max"": ""https://live.staticflickr.com/8064/8215971893_0901248672_o.jpg"", ""max_width_2000"": 1365, ""max_height_2000"": 2048, ""url_max_2000"": ""https://live.staticflickr.com/8064/8215971893_540787ba59_k.jpg"", ""flickr_page"": ""https://www.flickr.com/photos/27792531@N02/8215971893"", ""camera"": ""Fujifilm X-E1"", ""create_date"": ""2012:11:24 17:23:48"", ""lens_model"": ""XF35mmF1.4 R"", ""iso"": ""400"", ""exposure_time"": ""1/75"", ""exposure_program"": ""Program AE"", ""exposure_compensation"": ""-0.33"", ""aperture"": ""1.4"", ""focal_length"": ""35.0 mm"", ""focal_length_in35mm"": ""53 mm"", ""white_balance"": ""Auto"", ""metering_mode"": ""Multi-segment"", ""flash"": ""Off, Did not fire"", ""pageid"": ""2000""}"
8215971371|27792531@N02|2000|Fujifilm X-E1|Fujifilm|27792531@N02_Fujifilm_b518bd16.json|"{""id"": ""8215971371"", ""owner"": ""27792531@N02"", ""title"": ""DSCF8241"", ""realname"": """", ""ownername"": ""YangChen(TW)"", ""datetaken"": ""2012-11-24 17:23:53"", ""max_width"": 4896, ""max_height"": 3264, ""url_max"": ""https://live.staticflickr.com/8059/8215971371_a595e21840_o.jpg"", ""max_width_2000"": 1600, ""max_height_2000"": 1067, ""url_max_2000"": ""https://live.staticflickr.com/8059/8215971371_e7e6aa4993_h.jpg"", ""flickr_page"": ""https://www.flickr.com/photos/27792531@N02/8215971371"", ""camera"": ""Fujifilm X-E1"", ""create_date"": ""2012:11:24 17:23:53"", ""lens_model"": ""XF35mmF1.4 R"", ""iso"": ""400"", ""exposure_time"": ""1/60"", ""exposure_program"": ""Program AE"", ""exposure_compensation"": ""-0.33"", ""aperture"": ""1.4"", ""focal_length"": ""35.0 mm"", ""focal_length_in35mm"": ""53 mm"", ""white_balance"": ""Auto"", ""metering_mode"": ""Multi-segment"", ""flash"": ""Off, Did not fire"", ""pageid"": ""2000""}"
8217054062|27792531@N02|2000|Fujifilm X-E1|Fujifilm|27792531@N02_Fujifilm_b518bd16.json|"{""id"": ""8217054062"", ""owner"": ""27792531@N02"", ""title"": ""DSCF8251"", ""realname"": """", ""ownername"": ""YangChen(TW)"", ""datetaken"": ""2012-11-24 17:50:46"", ""max_width"": 4896, ""max_height"": 3264, ""url_max"": ""https://live.staticflickr.com/8338/8217054062_4ef55f7e82_o.jpg"", ""max_width_2000"": 1600, ""max_height_2000"": 1067, ""url_max_2000"": ""https://live.staticflickr.com/8338/8217054062_ee13b2900d_h.jpg"", ""flickr_page"": ""https://www.flickr.com/photos/27792531@N02/8217054062"", ""camera"": ""Fujifilm X-E1"", ""create_date"": ""2012:11:24 17:50:46"", ""lens_model"": ""XF35mmF1.4 R"", ""iso"": ""3200"", ""exposure_time"": ""1/250"", ""exposure_program"": ""Manual"", ""exposure_compensation"": ""0"", ""aperture"": ""4.0"", ""focal_length"": ""35.0 mm"", ""focal_length_in35mm"": ""53 mm"", ""white_balance"": ""Auto"", ""metering_mode"": ""Multi-segment"", ""flash"": ""Off, Did not fire"", ""pageid"": ""2000""}"
8217054300|27792531@N02|2000|Fujifilm X-E1|Fujifilm|27792531@N02_Fujifilm_b518bd16.json|"{""id"": ""8217054300"", ""owner"": ""27792531@N02"", ""title"": ""DSCF8247"", ""realname"": """", ""ownername"": ""YangChen(TW)"", ""datetaken"": ""2012-11-24 17:47:02"", ""max_width"": 4896, ""max_height"": 3264, ""url_max"": ""https://live.staticflickr.com/8488/8217054300_2ec713c2c4_o.jpg"", ""max_width_2000"": 1600, ""max_height_2000"": 1067, ""url_max_2000"": ""https://live.staticflickr.com/8488/8217054300_62e1ac895c_h.jpg"", ""flickr_page"": ""https://www.flickr.com/photos/27792531@N02/8217054300"", ""camera"": ""Fujifilm X-E1"", ""create_date"": ""2012:11:24 17:47:02"", ""lens_model"": ""XF35mmF1.4 R"", ""iso"": ""2500"", ""exposure_time"": ""1/250"", ""exposure_program"": ""Manual"", ""exposure_compensation"": ""0"", ""aperture"": ""4.0"", ""focal_length"": ""35.0 mm"", ""focal_length_in35mm"": ""53 mm"", ""white_balance"": ""Auto"", ""metering_mode"": ""Multi-segment"", ""flash"": ""Off, Did not fire"", ""pageid"": ""2000""}"
8215970915|27792531@N02|2000|Fujifilm X-E1|Fujifilm|27792531@N02_Fujifilm_b518bd16.json|"{""id"": ""8215970915"", ""owner"": ""27792531@N02"", ""title"": ""DSCF8242"", ""realname"": """", ""ownername"": ""YangChen(TW)"", ""datetaken"": ""2012-11-24 17:24:30"", ""max_width"": 4896, ""max_height"": 3264, ""url_max"": ""https://live.staticflickr.com/8487/8215970915_f91abd6626_o.jpg"", ""max_width_2000"": 1600, ""max_height_2000"": 1067, ""url_max_2000"": ""https://live.staticflickr.com/8487/8215970915_511f9f63c4_h.jpg"", ""flickr_page"": ""https://www.flickr.com/photos/27792531@N02/8215970915"", ""camera"": ""Fujifilm X-E1"", ""create_date"": ""2012:11:24 17:24:30"", ""lens_model"": ""XF35mmF1.4 R"", ""iso"": ""400"", ""exposure_time"": ""1/125"", ""exposure_program"": ""Program AE"", ""exposure_compensation"": ""+0.33"", ""aperture"": ""2.8"", ""focal_length"": ""35.0 mm"", ""focal_length_in35mm"": ""53 mm"", ""white_balance"": ""Auto"", ""metering_mode"": ""Multi-segment"", ""flash"": ""Off, Did not fire"", ""pageid"": ""2000""}"
8127785035|27792531@N02|2018|Fujifilm X-E1|Fujifilm|27792531@N02_Fujifilm_b518bd16.json|"{""id"": ""8127785035"", ""owner"": ""27792531@N02"", ""title"": ""DSCF7089"", ""realname"": """", ""ownername"": ""YangChen(TW)"", ""datetaken"": ""2012-10-27 14:55:15"", ""max_width"": 4896, ""max_height"": 3264, ""url_max"": ""https://live.staticflickr.com/8055/8127785035_3d68e05b15_o.jpg"", ""max_width_2000"": 1600, ""max_height_2000"": 1067, ""url_max_2000"": ""https://live.staticflickr.com/8055/8127785035_bf279e0cb0_h.jpg"", ""flickr_page"": ""https://www.flickr.com/photos/27792531@N02/8127785035"", ""camera"": ""Fujifilm X-E1"", ""create_date"": ""2012:10:27 14:55:15"", ""lens_model"": ""XF35mmF1.4 R"", ""iso"": ""3200"", ""exposure_time"": ""1/38"", ""exposure_program"": ""Aperture-priority AE"", ""exposure_compensation"": ""0"", ""aperture"": ""3.2"", ""focal_length"": ""35.0 mm"", ""focal_length_in35mm"": ""53 mm"", ""white_balance"": ""Auto"", ""metering_mode"": ""Multi-segment"", ""flash"": ""Off, Did not fire"", ""pageid"": ""2018""}"
8127787177|27792531@N02|2018|Fujifilm X-E1|Fujifilm|27792531@N02_Fujifilm_b518bd16.json|"{""id"": ""8127787177"", ""owner"": ""27792531@N02"", ""title"": ""DSCF7081"", ""realname"": """", ""ownername"": ""YangChen(TW)"", ""datetaken"": ""2012-10-27 14:51:58"", ""max_width"": 4896, ""max_height"": 3264, ""url_max"": ""https://live.staticflickr.com/8052/8127787177_c6ee51510a_o.jpg"", ""max_width_2000"": 1600, ""max_height_2000"": 1067, ""url_max_2000"": ""https://live.staticflickr.com/8052/8127787177_5551f8c482_h.jpg"", ""flickr_page"": ""https://www.flickr.com/photos/27792531@N02/8127787177"", ""camera"": ""Fujifilm X-E1"", ""create_date"": ""2012:10:27 14:51:58"", ""lens_model"": ""XF35mmF1.4 R"", ""iso"": ""3200"", ""exposure_time"": ""1/50"", ""exposure_program"": ""Aperture-priority AE"", ""exposure_compensation"": ""+0.33"", ""aperture"": ""4.0"", ""focal_length"": ""35.0 mm"", ""focal_length_in35mm"": ""53 mm"", ""white_balance"": ""Auto"", ""metering_mode"": ""Multi-segment"", ""flash"": ""Off, Did not fire"", ""pageid"": ""2018""}"
8127783811|27792531@N02|2018|Fujifilm X-E1|Fujifilm|27792531@N02_Fujifilm_b518bd16.json|"{""id"": ""8127783811"", ""owner"": ""27792531@N02"", ""title"": ""DSCF7096"", ""realname"": """", ""ownername"": ""YangChen(TW)"", ""datetaken"": ""2012-10-27 15:25:35"", ""max_width"": 4896, ""max_height"": 3264, ""url_max"": ""https://live.staticflickr.com/8472/8127783811_4df396d0fd_o.jpg"", ""max_width_2000"": 1365, ""max_height_2000"": 2048, ""url_max_2000"": ""https://live.staticflickr.com/8472/8127783811_e54e0e8f7c_k.jpg"", ""flickr_page"": ""https://www.flickr.com/photos/27792531@N02/8127783811"", ""camera"": ""Fujifilm X-E1"", ""create_date"": ""2012:10:27 15:25:35"", ""lens_model"": ""XF35mmF1.4 R"", ""iso"": ""1600"", ""exposure_time"": ""1/52"", ""exposure_program"": ""Aperture-priority AE"", ""exposure_compensation"": ""+0.33"", ""aperture"": ""3.2"", ""focal_length"": ""35.0 mm"", ""focal_length_in35mm"": ""53 mm"", ""white_balance"": ""Auto"", ""metering_mode"": ""Multi-segment"", ""flash"": ""Off, Did not fire"", ""pageid"": ""2018""}"
8127783415|27792531@N02|2018|Fujifilm X-E1|Fujifilm|27792531@N02_Fujifilm_b518bd16.json|"{""id"": ""8127783415"", ""owner"": ""27792531@N02"", ""title"": ""DSCF7097"", ""realname"": """", ""ownername"": ""YangChen(TW)"", ""datetaken"": ""2012-10-27 15:26:01"", ""max_width"": 4896, ""max_height"": 3264, ""url_max"": ""https://live.staticflickr.com/8050/8127783415_0ae949130b_o.jpg"", ""max_width_2000"": 1600, ""max_height_2000"": 1067, ""url_max_2000"": ""https://live.staticflickr.com/8050/8127783415_86e66ce04a_h.jpg"", ""flickr_page"": ""https://www.flickr.com/photos/27792531@N02/8127783415"", ""camera"": ""Fujifilm X-E1"", ""create_date"": ""2012:10:27 15:26:01"", ""lens_model"": ""XF35mmF1.4 R"", ""iso"": ""1250"", ""exposure_time"": ""1/52"", ""exposure_program"": ""Aperture-priority AE"", ""exposure_compensation"": ""+0.33"", ""aperture"": ""3.2"", ""focal_length"": ""35.0 mm"", ""focal_length_in35mm"": ""53 mm"", ""white_balance"": ""Auto"", ""metering_mode"": ""Multi-segment"", ""flash"": ""Off, Did not fire"", ""pageid"": ""2018""}"
8127784181|27792531@N02|2018|Fujifilm X-E1|Fujifilm|27792531@N02_Fujifilm_b518bd16.json|"{""id"": ""8127784181"", ""owner"": ""27792531@N02"", ""title"": ""DSCF7094"", ""realname"": """", ""ownername"": ""YangChen(TW)"", ""datetaken"": ""2012-10-27 15:24:50"", ""max_width"": 4896, ""max_height"": 3264, ""url_max"": ""https://live.staticflickr.com/8052/8127784181_908316e5e8_o.jpg"", ""max_width_2000"": 1600, ""max_height_2000"": 1067, ""url_max_2000"": ""https://live.staticflickr.com/8052/8127784181_1e64c03231_h.jpg"", ""flickr_page"": ""https://www.flickr.com/photos/27792531@N02/8127784181"", ""camera"": ""Fujifilm X-E1"", ""create_date"": ""2012:10:27 15:24:50"", ""lens_model"": ""XF35mmF1.4 R"", ""iso"": ""1000"", ""exposure_time"": ""1/52"", ""exposure_program"": ""Aperture-priority AE"", ""exposure_compensation"": ""+0.33"", ""aperture"": ""3.2"", ""focal_length"": ""35.0 mm"", ""focal_length_in35mm"": ""53 mm"", ""white_balance"": ""Auto"", ""metering_mode"": ""Multi-segment"", ""flash"": ""Off, Did not fire"", ""pageid"": ""2018""}"
8127788211|27792531@N02|2018|Fujifilm X-E1|Fujifilm|27792531@N02_Fujifilm_b518bd16.json|"{""id"": ""8127788211"", ""owner"": ""27792531@N02"", ""title"": ""DSCF7079"", ""realname"": """", ""ownername"": ""YangChen(TW)"", ""datetaken"": ""2012-10-27 14:47:23"", ""max_width"": 4896, ""max_height"": 3264, ""url_max"": ""https://live.staticflickr.com/8333/8127788211_6fe33f3e67_o.jpg"", ""max_width_2000"": 1365, ""max_height_2000"": 2048, ""url_max_2000"": ""https://live.staticflickr.com/8333/8127788211_dd863a1724_k.jpg"", ""flickr_page"": ""https://www.flickr.com/photos/27792531@N02/8127788211"", ""camera"": ""Fujifilm X-E1"", ""create_date"": ""2012:10:27 14:47:23"", ""lens_model"": ""XF35mmF1.4 R"", ""iso"": ""2000"", ""exposure_time"": ""1/52"", ""exposure_program"": ""Aperture-priority AE"", ""exposure_compensation"": ""+0.33"", ""aperture"": ""2.8"", ""focal_length"": ""35.0 mm"", ""focal_length_in35mm"": ""53 mm"", ""white_balance"": ""Auto"", ""metering_mode"": ""Multi-segment"", ""flash"": ""Off, Did not fire"", ""pageid"": ""2018""}"
8127781063|27792531@N02|2018|Fujifilm X-E1|Fujifilm|27792531@N02_Fujifilm_b518bd16.json|"{""id"": ""8127781063"", ""owner"": ""27792531@N02"", ""title"": ""DSCF7104"", ""realname"": """", ""ownername"": ""YangChen(TW)"", ""datetaken"": ""2012-10-27 17:27:49"", ""max_width"": 4896, ""max_height"": 3264, ""url_max"": ""https://live.staticflickr.com/8329/8127781063_766b24ecb5_o.jpg"", ""max_width_2000"": 1600, ""max_height_2000"": 1067, ""url_max_2000"": ""https://live.staticflickr.com/8329/8127781063_49d121db1c_h.jpg"", ""flickr_page"": ""https://www.flickr.com/photos/27792531@N02/8127781063"", ""camera"": ""Fujifilm X-E1"", ""create_date"": ""2012:10:27 17:27:49"", ""lens_model"": ""XF35mmF1.4 R"", ""iso"": ""2000"", ""exposure_time"": ""1/52"", ""exposure_program"": ""Aperture-priority AE"", ""exposure_compensation"": ""0"", ""aperture"": ""2.8"", ""focal_length"": ""35.0 mm"", ""focal_length_in35mm"": ""53 mm"", ""white_balance"": ""Auto"", ""metering_mode"": ""Multi-segment"", ""flash"": ""Off, Did not fire"", ""pageid"": ""2018""}"
8127784593|27792531@N02|2018|Fujifilm X-E1|Fujifilm|27792531@N02_Fujifilm_b518bd16.json|"{""id"": ""8127784593"", ""owner"": ""27792531@N02"", ""title"": ""DSCF7092"", ""realname"": """", ""ownername"": ""YangChen(TW)"", ""datetaken"": ""2012-10-27 15:23:58"", ""max_width"": 4896, ""max_height"": 3264, ""url_max"": ""https://live.staticflickr.com/8196/8127784593_52ec3036ed_o.jpg"", ""max_width_2000"": 1600, ""max_height_2000"": 1067, ""url_max_2000"": ""https://live.staticflickr.com/8196/8127784593_659b0ecfc0_h.jpg"", ""flickr_page"": ""https://www.flickr.com/photos/27792531@N02/8127784593"", ""camera"": ""Fujifilm X-E1"", ""create_date"": ""2012:10:27 15:23:58"", ""lens_model"": ""XF35mmF1.4 R"", ""iso"": ""1250"", ""exposure_time"": ""1/52"", ""exposure_program"": ""Program AE"", ""exposure_compensation"": ""0"", ""aperture"": ""1.4"", ""focal_length"": ""35.0 mm"", ""focal_length_in35mm"": ""53 mm"", ""white_balance"": ""Auto"", ""metering_mode"": ""Multi-segment"", ""flash"": ""Off, Did not fire"", ""pageid"": ""2018""}"
8127780459|27792531@N02|2018|Fujifilm X-E1|Fujifilm|27792531@N02_Fujifilm_b518bd16.json|"{""id"": ""8127780459"", ""owner"": ""27792531@N02"", ""title"": ""DSCF7105"", ""realname"": """", ""ownername"": ""YangChen(TW)"", ""datetaken"": ""2012-10-27 17:28:46"", ""max_width"": 4896, ""max_height"": 3264, ""url_max"": ""https://live.staticflickr.com/8048/8127780459_c5ed58e615_o.jpg"", ""max_width_2000"": 1600, ""max_height_2000"": 1067, ""url_max_2000"": ""https://live.staticflickr.com/8048/8127780459_cefb4fd154_h.jpg"", ""flickr_page"": ""https://www.flickr.com/photos/27792531@N02/8127780459"", ""camera"": ""Fujifilm X-E1"", ""create_date"": ""2012:10:27 17:28:46"", ""lens_model"": ""XF35mmF1.4 R"", ""iso"": ""1250"", ""exposure_time"": ""1/52"", ""exposure_program"": ""Aperture-priority AE"", ""exposure_compensation"": ""0"", ""aperture"": ""2.8"", ""focal_length"": ""35.0 mm"", ""focal_length_in35mm"": ""53 mm"", ""white_balance"": ""Auto"", ""metering_mode"": ""Multi-segment"", ""flash"": ""Off, Did not fire"", ""pageid"": ""2018""}"
8127782459|27792531@N02|2018|Fujifilm X-E1|Fujifilm|27792531@N02_Fujifilm_b518bd16.json|"{""id"": ""8127782459"", ""owner"": ""27792531@N02"", ""title"": ""DSCF7100"", ""realname"": """", ""ownername"": ""YangChen(TW)"", ""datetaken"": ""2012-10-27 15:27:03"", ""max_width"": 4896, ""max_height"": 3264, ""url_max"": ""https://live.staticflickr.com/8048/8127782459_4e5a91913f_o.jpg"", ""max_width_2000"": 1365, ""max_height_2000"": 2048, ""url_max_2000"": ""https://live.staticflickr.com/8048/8127782459_d91d8ce6fd_k.jpg"", ""flickr_page"": ""https://www.flickr.com/photos/27792531@N02/8127782459"", ""camera"": ""Fujifilm X-E1"", ""create_date"": ""2012:10:27 15:27:03"", ""lens_model"": ""XF35mmF1.4 R"", ""iso"": ""2500"", ""exposure_time"": ""1/52"", ""exposure_program"": ""Aperture-priority AE"", ""exposure_compensation"": ""0"", ""aperture"": ""3.2"", ""focal_length"": ""35.0 mm"", ""focal_length_in35mm"": ""53 mm"", ""white_balance"": ""Auto"", ""metering_mode"": ""Multi-segment"", ""flash"": ""Off, Did not fire"", ""pageid"": ""2018""}"
8127791081|27792531@N02|2018|Fujifilm X-E1|Fujifilm|27792531@N02_Fujifilm_b518bd16.json|"{""id"": ""8127791081"", ""owner"": ""27792531@N02"", ""title"": ""DSCF7070"", ""realname"": """", ""ownername"": ""YangChen(TW)"", ""datetaken"": ""2012-10-27 14:42:33"", ""max_width"": 4896, ""max_height"": 3264, ""url_max"": ""https://live.staticflickr.com/8330/8127791081_8770026428_o.jpg"", ""max_width_2000"": 1365, ""max_height_2000"": 2048, ""url_max_2000"": ""https://live.staticflickr.com/8330/8127791081_39a8a97411_k.jpg"", ""flickr_page"": ""https://www.flickr.com/photos/27792531@N02/8127791081"", ""camera"": ""Fujifilm X-E1"", ""create_date"": ""2012:10:27 14:42:33"", ""lens_model"": ""XF35mmF1.4 R"", ""iso"": ""400"", ""exposure_time"": ""1/150"", ""exposure_program"": ""Program AE"", ""exposure_compensation"": ""+0.33"", ""aperture"": ""5.6"", ""focal_length"": ""35.0 mm"", ""focal_length_in35mm"": ""53 mm"", ""white_balance"": ""Auto"", ""metering_mode"": ""Multi-segment"", ""flash"": ""Off, Did not fire"", ""pageid"": ""2018""}"
8127809514|27792531@N02|2018|Fujifilm X-E1|Fujifilm|27792531@N02_Fujifilm_b518bd16.json|"{""id"": ""8127809514"", ""owner"": ""27792531@N02"", ""title"": ""DSCF7101"", ""realname"": """", ""ownername"": ""YangChen(TW)"", ""datetaken"": ""2012-10-27 17:24:27"", ""max_width"": 4896, ""max_height"": 3264, ""url_max"": ""https://live.staticflickr.com/8188/8127809514_e3bd08b7ef_o.jpg"", ""max_width_2000"": 1600, ""max_height_2000"": 1067, ""url_max_2000"": ""https://live.staticflickr.com/8188/8127809514_e2a4bd71e9_h.jpg"", ""flickr_page"": ""https://www.flickr.com/photos/27792531@N02/8127809514"", ""camera"": ""Fujifilm X-E1"", ""create_date"": ""2012:10:27 17:24:27"", ""lens_model"": ""XF35mmF1.4 R"", ""iso"": ""2500"", ""exposure_time"": ""1/52"", ""exposure_program"": ""Aperture-priority AE"", ""exposure_compensation"": ""0"", ""aperture"": ""4.0"", ""focal_length"": ""35.0 mm"", ""focal_length_in35mm"": ""53 mm"", ""white_balance"": ""Auto"", ""metering_mode"": ""Multi-segment"", ""flash"": ""Off, Did not fire"", ""pageid"": ""2018""}"
8127810494|27792531@N02|2018|Fujifilm X-E1|Fujifilm|27792531@N02_Fujifilm_b518bd16.json|"{""id"": ""8127810494"", ""owner"": ""27792531@N02"", ""title"": ""DSCF7098"", ""realname"": """", ""ownername"": ""YangChen(TW)"", ""datetaken"": ""2012-10-27 15:26:33"", ""max_width"": 4896, ""max_height"": 3264, ""url_max"": ""https://live.staticflickr.com/8191/8127810494_45a5714bfc_o.jpg"", ""max_width_2000"": 1600, ""max_height_2000"": 1067, ""url_max_2000"": ""https://live.staticflickr.com/8191/8127810494_14d161e17a_h.jpg"", ""flickr_page"": ""https://www.flickr.com/photos/27792531@N02/8127810494"", ""camera"": ""Fujifilm X-E1"", ""create_date"": ""2012:10:27 15:26:33"", ""lens_model"": ""XF35mmF1.4 R"", ""iso"": ""1250"", ""exposure_time"": ""1/52"", ""exposure_program"": ""Aperture-priority AE"", ""exposure_compensation"": ""0"", ""aperture"": ""3.2"", ""focal_length"": ""35.0 mm"", ""focal_length_in35mm"": ""53 mm"", ""white_balance"": ""Auto"", ""metering_mode"": ""Multi-segment"", ""flash"": ""Off, Did not fire"", ""pageid"": ""2018""}"
8127789207|27792531@N02|2018|Fujifilm X-E1|Fujifilm|27792531@N02_Fujifilm_b518bd16.json|"{""id"": ""8127789207"", ""owner"": ""27792531@N02"", ""title"": ""DSCF7075"", ""realname"": """", ""ownername"": ""YangChen(TW)"", ""datetaken"": ""2012-10-27 14:44:39"", ""max_width"": 4896, ""max_height"": 3264, ""url_max"": ""https://live.staticflickr.com/8336/8127789207_6807c233b1_o.jpg"", ""max_width_2000"": 1600, ""max_height_2000"": 1067, ""url_max_2000"": ""https://live.staticflickr.com/8336/8127789207_c27c46d10c_h.jpg"", ""flickr_page"": ""https://www.flickr.com/photos/27792531@N02/8127789207"", ""camera"": ""Fujifilm X-E1"", ""create_date"": ""2012:10:27 14:44:39"", ""lens_model"": ""XF35mmF1.4 R"", ""iso"": ""2000"", ""exposure_time"": ""1/52"", ""exposure_program"": ""Aperture-priority AE"", ""exposure_compensation"": ""+0.33"", ""aperture"": ""3.6"", ""focal_length"": ""35.0 mm"", ""focal_length_in35mm"": ""53 mm"", ""white_balance"": ""Auto"", ""metering_mode"": ""Multi-segment"", ""flash"": ""Off, Did not fire"", ""pageid"": ""2018""}"
8127788831|27792531@N02|2018|Fujifilm X-E1|Fujifilm|27792531@N02_Fujifilm_b518bd16.json|"{""id"": ""8127788831"", ""owner"": ""27792531@N02"", ""title"": ""DSCF7076"", ""realname"": """", ""ownername"": ""YangChen(TW)"", ""datetaken"": ""2012-10-27 14:44:42"", ""max_width"": 4896, ""max_height"": 3264, ""url_max"": ""https://live.staticflickr.com/8327/8127788831_4d47ce362d_o.jpg"", ""max_width_2000"": 1600, ""max_height_2000"": 1067, ""url_max_2000"": ""https://live.staticflickr.com/8327/8127788831_8bf1e398e3_h.jpg"", ""flickr_page"": ""https://www.flickr.com/photos/27792531@N02/8127788831"", ""camera"": ""Fujifilm X-E1"", ""create_date"": ""2012:10:27 14:44:42"", ""lens_model"": ""XF35mmF1.4 R"", ""iso"": ""2000"", ""exposure_time"": ""1/52"", ""exposure_program"": ""Aperture-priority AE"", ""exposure_compensation"": ""+0.33"", ""aperture"": ""3.6"", ""focal_length"": ""35.0 mm"", ""focal_length_in35mm"": ""53 mm"", ""white_balance"": ""Auto"", ""metering_mode"": ""Multi-segment"", ""flash"": ""Off, Did not fire"", ""pageid"": ""2018""}"
8127809004|27792531@N02|2018|Fujifilm X-E1|Fujifilm|27792531@N02_Fujifilm_b518bd16.json|"{""id"": ""8127809004"", ""owner"": ""27792531@N02"", ""title"": ""DSCF7102"", ""realname"": """", ""ownername"": ""YangChen(TW)"", ""datetaken"": ""2012-10-27 17:25:10"", ""max_width"": 4896, ""max_height"": 3264, ""url_max"": ""https://live.staticflickr.com/8332/8127809004_50e08316d2_o.jpg"", ""max_width_2000"": 1600, ""max_height_2000"": 1067, ""url_max_2000"": ""https://live.staticflickr.com/8332/8127809004_9b54f54961_h.jpg"", ""flickr_page"": ""https://www.flickr.com/photos/27792531@N02/8127809004"", ""camera"": ""Fujifilm X-E1"", ""create_date"": ""2012:10:27 17:25:10"", ""lens_model"": ""XF35mmF1.4 R"", ""iso"": ""3200"", ""exposure_time"": ""1/18"", ""exposure_program"": ""Aperture-priority AE"", ""exposure_compensation"": ""0"", ""aperture"": ""4.0"", ""focal_length"": ""35.0 mm"", ""focal_length_in35mm"": ""53 mm"", ""white_balance"": ""Auto"", ""metering_mode"": ""Multi-segment"", ""flash"": ""Off, Did not fire"", ""pageid"": ""2018""}"
8127810226|27792531@N02|2018|Fujifilm X-E1|Fujifilm|27792531@N02_Fujifilm_b518bd16.json|"{""id"": ""8127810226"", ""owner"": ""27792531@N02"", ""title"": ""DSCF7099"", ""realname"": """", ""ownername"": ""YangChen(TW)"", ""datetaken"": ""2012-10-27 15:26:45"", ""max_width"": 4896, ""max_height"": 3264, ""url_max"": ""https://live.staticflickr.com/8047/8127810226_1a66454a86_o.jpg"", ""max_width_2000"": 1600, ""max_height_2000"": 1067, ""url_max_2000"": ""https://live.staticflickr.com/8047/8127810226_546394a2cf_h.jpg"", ""flickr_page"": ""https://www.flickr.com/photos/27792531@N02/8127810226"", ""camera"": ""Fujifilm X-E1"", ""create_date"": ""2012:10:27 15:26:45"", ""lens_model"": ""XF35mmF1.4 R"", ""iso"": ""1000"", ""exposure_time"": ""1/52"", ""exposure_program"": ""Aperture-priority AE"", ""exposure_compensation"": ""0"", ""aperture"": ""3.2"", ""focal_length"": ""35.0 mm"", ""focal_length_in35mm"": ""53 mm"", ""white_balance"": ""Auto"", ""metering_mode"": ""Multi-segment"", ""flash"": ""Off, Did not fire"", ""pageid"": ""2018""}"
8127803332|27792531@N02|2018|Fujifilm X-E1|Fujifilm|27792531@N02_Fujifilm_b518bd16.json|"{""id"": ""8127803332"", ""owner"": ""27792531@N02"", ""title"": ""DSCF7091"", ""realname"": """", ""ownername"": ""YangChen(TW)"", ""datetaken"": ""2012-10-27 14:55:44"", ""max_width"": 4896, ""max_height"": 3264, ""url_max"": ""https://live.staticflickr.com/8052/8127803332_8b3b9f1ece_o.jpg"", ""max_width_2000"": 1365, ""max_height_2000"": 2048, ""url_max_2000"": ""https://live.staticflickr.com/8052/8127803332_79d819cfb0_k.jpg"", ""flickr_page"": ""https://www.flickr.com/photos/27792531@N02/8127803332"", ""camera"": ""Fujifilm X-E1"", ""create_date"": ""2012:10:27 14:55:44"", ""lens_model"": ""XF35mmF1.4 R"", ""iso"": ""500"", ""exposure_time"": ""1/52"", ""exposure_program"": ""Aperture-priority AE"", ""exposure_compensation"": ""0"", ""aperture"": ""2.5"", ""focal_length"": ""35.0 mm"", ""focal_length_in35mm"": ""53 mm"", ""white_balance"": ""Auto"", ""metering_mode"": ""Multi-segment"", ""flash"": ""Off, Did not fire"", ""pageid"": ""2018""}"
8127803946|27792531@N02|2018|Fujifilm X-E1|Fujifilm|27792531@N02_Fujifilm_b518bd16.json|"{""id"": ""8127803946"", ""owner"": ""27792531@N02"", ""title"": ""DSCF7108"", ""realname"": """", ""ownername"": ""YangChen(TW)"", ""datetaken"": ""2012-10-27 17:29:21"", ""max_width"": 4896, ""max_height"": 3264, ""url_max"": ""https://live.staticflickr.com/8193/8127803946_1b4842dc53_o.jpg"", ""max_width_2000"": 1600, ""max_height_2000"": 1067, ""url_max_2000"": ""https://live.staticflickr.com/8193/8127803946_1f6041ac2f_h.jpg"", ""flickr_page"": ""https://www.flickr.com/photos/27792531@N02/8127803946"", ""camera"": ""Fujifilm X-E1"", ""create_date"": ""2012:10:27 17:29:21"", ""lens_model"": ""XF35mmF1.4 R"", ""iso"": ""2000"", ""exposure_time"": ""1/52"", ""exposure_program"": ""Aperture-priority AE"", ""exposure_compensation"": ""0"", ""aperture"": ""2.8"", ""focal_length"": ""35.0 mm"", ""focal_length_in35mm"": ""53 mm"", ""white_balance"": ""Auto"", ""metering_mode"": ""Multi-segment"", ""flash"": ""Off, Did not fire"", ""pageid"": ""2018""}"
8127812996|27792531@N02|2018|Fujifilm X-E1|Fujifilm|27792531@N02_Fujifilm_b518bd16.json|"{""id"": ""8127812996"", ""owner"": ""27792531@N02"", ""title"": ""DSCF7086"", ""realname"": """", ""ownername"": ""YangChen(TW)"", ""datetaken"": ""2012-10-27 14:54:59"", ""max_width"": 4896, ""max_height"": 3264, ""url_max"": ""https://live.staticflickr.com/8185/8127812996_1fa1d0fc5a_o.jpg"", ""max_width_2000"": 1600, ""max_height_2000"": 1067, ""url_max_2000"": ""https://live.staticflickr.com/8185/8127812996_2e8850acf5_h.jpg"", ""flickr_page"": ""https://www.flickr.com/photos/27792531@N02/8127812996"", ""camera"": ""Fujifilm X-E1"", ""create_date"": ""2012:10:27 14:54:59"", ""lens_model"": ""XF35mmF1.4 R"", ""iso"": ""1250"", ""exposure_time"": ""1/52"", ""exposure_program"": ""Aperture-priority AE"", ""exposure_compensation"": ""0"", ""aperture"": ""3.2"", ""focal_length"": ""35.0 mm"", ""focal_length_in35mm"": ""53 mm"", ""white_balance"": ""Auto"", ""metering_mode"": ""Multi-segment"", ""flash"": ""Off, Did not fire"", ""pageid"": ""2018""}"
8127814216|27792531@N02|2018|Fujifilm X-E1|Fujifilm|27792531@N02_Fujifilm_b518bd16.json|"{""id"": ""8127814216"", ""owner"": ""27792531@N02"", ""title"": ""DSCF7084"", ""realname"": """", ""ownername"": ""YangChen(TW)"", ""datetaken"": ""2012-10-27 14:54:25"", ""max_width"": 4896, ""max_height"": 3264, ""url_max"": ""https://live.staticflickr.com/8336/8127814216_7511009d02_o.jpg"", ""max_width_2000"": 1365, ""max_height_2000"": 2048, ""url_max_2000"": ""https://live.staticflickr.com/8336/8127814216_8cd63d27c0_k.jpg"", ""flickr_page"": ""https://www.flickr.com/photos/27792531@N02/8127814216"", ""camera"": ""Fujifilm X-E1"", ""create_date"": ""2012:10:27 14:54:25"", ""lens_model"": ""XF35mmF1.4 R"", ""iso"": ""1250"", ""exposure_time"": ""1/52"", ""exposure_program"": ""Aperture-priority AE"", ""exposure_compensation"": ""+0.33"", ""aperture"": ""4.0"", ""focal_length"": ""35.0 mm"", ""focal_length_in35mm"": ""53 mm"", ""white_balance"": ""Auto"", ""metering_mode"": ""Multi-segment"", ""flash"": ""Off, Did not fire"", ""pageid"": ""2018""}"
8127813856|27792531@N02|2018|Fujifilm X-E1|Fujifilm|27792531@N02_Fujifilm_b518bd16.json|"{""id"": ""8127813856"", ""owner"": ""27792531@N02"", ""title"": ""DSCF7085"", ""realname"": """", ""ownername"": ""YangChen(TW)"", ""datetaken"": ""2012-10-27 14:54:39"", ""max_width"": 4896, ""max_height"": 3264, ""url_max"": ""https://live.staticflickr.com/8333/8127813856_9a5f202426_o.jpg"", ""max_width_2000"": 1600, ""max_height_2000"": 1067, ""url_max_2000"": ""https://live.staticflickr.com/8333/8127813856_d983ef7375_h.jpg"", ""flickr_page"": ""https://www.flickr.com/photos/27792531@N02/8127813856"", ""camera"": ""Fujifilm X-E1"", ""create_date"": ""2012:10:27 14:54:39"", ""lens_model"": ""XF35mmF1.4 R"", ""iso"": ""1600"", ""exposure_time"": ""1/52"", ""exposure_program"": ""Aperture-priority AE"", ""exposure_compensation"": ""0"", ""aperture"": ""2.0"", ""focal_length"": ""35.0 mm"", ""focal_length_in35mm"": ""53 mm"", ""white_balance"": ""Auto"", ""metering_mode"": ""Multi-segment"", ""flash"": ""Off, Did not fire"", ""pageid"": ""2018""}"
8127818174|27792531@N02|2018|Fujifilm X-E1|Fujifilm|27792531@N02_Fujifilm_b518bd16.json|"{""id"": ""8127818174"", ""owner"": ""27792531@N02"", ""title"": ""DSCF7072"", ""realname"": """", ""ownername"": ""YangChen(TW)"", ""datetaken"": ""2012-10-27 14:43:18"", ""max_width"": 4896, ""max_height"": 3264, ""url_max"": ""https://live.staticflickr.com/8054/8127818174_2aa2cd5a77_o.jpg"", ""max_width_2000"": 1600, ""max_height_2000"": 1067, ""url_max_2000"": ""https://live.staticflickr.com/8054/8127818174_ae2c8ac9bc_h.jpg"", ""flickr_page"": ""https://www.flickr.com/photos/27792531@N02/8127818174"", ""camera"": ""Fujifilm X-E1"", ""create_date"": ""2012:10:27 14:43:18"", ""lens_model"": ""XF35mmF1.4 R"", ""iso"": ""3200"", ""exposure_time"": ""1/50"", ""exposure_program"": ""Aperture-priority AE"", ""exposure_compensation"": ""+0.33"", ""aperture"": ""3.6"", ""focal_length"": ""35.0 mm"", ""focal_length_in35mm"": ""53 mm"", ""white_balance"": ""Auto"", ""metering_mode"": ""Multi-segment"", ""flash"": ""Off, Did not fire"", ""pageid"": ""2018""}"
8127815298|27792531@N02|2018|Fujifilm X-E1|Fujifilm|27792531@N02_Fujifilm_b518bd16.json|"{""id"": ""8127815298"", ""owner"": ""27792531@N02"", ""title"": ""DSCF7080"", ""realname"": """", ""ownername"": ""YangChen(TW)"", ""datetaken"": ""2012-10-27 14:51:26"", ""max_width"": 4896, ""max_height"": 3264, ""url_max"": ""https://live.staticflickr.com/8327/8127815298_d7a0fce226_o.jpg"", ""max_width_2000"": 1600, ""max_height_2000"": 1067, ""url_max_2000"": ""https://live.staticflickr.com/8327/8127815298_1aacdad837_h.jpg"", ""flickr_page"": ""https://www.flickr.com/photos/27792531@N02/8127815298"", ""camera"": ""Fujifilm X-E1"", ""create_date"": ""2012:10:27 14:51:26"", ""lens_model"": ""XF35mmF1.4 R"", ""iso"": ""1250"", ""exposure_time"": ""1/52"", ""exposure_program"": ""Aperture-priority AE"", ""exposure_compensation"": ""+0.33"", ""aperture"": ""4.0"", ""focal_length"": ""35.0 mm"", ""focal_length_in35mm"": ""53 mm"", ""white_balance"": ""Auto"", ""metering_mode"": ""Multi-segment"", ""flash"": ""Off, Did not fire"", ""pageid"": ""2018""}"
8127817774|27792531@N02|2018|Fujifilm X-E1|Fujifilm|27792531@N02_Fujifilm_b518bd16.json|"{""id"": ""8127817774"", ""owner"": ""27792531@N02"", ""title"": ""DSCF7073"", ""realname"": """", ""ownername"": ""YangChen(TW)"", ""datetaken"": ""2012-10-27 14:43:37"", ""max_width"": 4896, ""max_height"": 3264, ""url_max"": ""https://live.staticflickr.com/8055/8127817774_25d9692982_o.jpg"", ""max_width_2000"": 1600, ""max_height_2000"": 1067, ""url_max_2000"": ""https://live.staticflickr.com/8055/8127817774_0e3c7869f9_h.jpg"", ""flickr_page"": ""https://www.flickr.com/photos/27792531@N02/8127817774"", ""camera"": ""Fujifilm X-E1"", ""create_date"": ""2012:10:27 14:43:37"", ""lens_model"": ""XF35mmF1.4 R"", ""iso"": ""2500"", ""exposure_time"": ""1/52"", ""exposure_program"": ""Aperture-priority AE"", ""exposure_compensation"": ""+0.33"", ""aperture"": ""3.6"", ""focal_length"": ""35.0 mm"", ""focal_length_in35mm"": ""53 mm"", ""white_balance"": ""Auto"", ""metering_mode"": ""Multi-segment"", ""flash"": ""Off, Did not fire"", ""pageid"": ""2018""}"
8127023653|27792531@N02|2019|Fujifilm X-E1|Fujifilm|27792531@N02_Fujifilm_b518bd16.json|"{""id"": ""8127023653"", ""owner"": ""27792531@N02"", ""title"": ""DSCF7021"", ""realname"": """", ""ownername"": ""YangChen(TW)"", ""datetaken"": ""2012-10-27 09:33:50"", ""max_width"": 4896, ""max_height"": 3264, ""url_max"": ""https://live.staticflickr.com/8188/8127023653_dccf96a1f5_o.jpg"", ""max_width_2000"": 1600, ""max_height_2000"": 1067, ""url_max_2000"": ""https://live.staticflickr.com/8188/8127023653_226060b3d1_h.jpg"", ""flickr_page"": ""https://www.flickr.com/photos/27792531@N02/8127023653"", ""camera"": ""Fujifilm X-E1"", ""create_date"": ""2012:10:27 09:33:50"", ""lens_model"": ""XF35mmF1.4 R"", ""iso"": ""400"", ""exposure_time"": ""1/550"", ""exposure_program"": ""Aperture-priority AE"", ""exposure_compensation"": ""+0.67"", ""aperture"": ""2.8"", ""focal_length"": ""35.0 mm"", ""focal_length_in35mm"": ""53 mm"", ""white_balance"": ""Auto"", ""metering_mode"": ""Multi-segment"", ""flash"": ""Off, Did not fire"", ""pageid"": ""2019""}"
8127024179|27792531@N02|2019|Fujifilm X-E1|Fujifilm|27792531@N02_Fujifilm_b518bd16.json|"{""id"": ""8127024179"", ""owner"": ""27792531@N02"", ""title"": ""DSCF7018"", ""realname"": """", ""ownername"": ""YangChen(TW)"", ""datetaken"": ""2012-10-27 09:33:45"", ""max_width"": 4896, ""max_height"": 3264, ""url_max"": ""https://live.staticflickr.com/8327/8127024179_985a70417f_o.jpg"", ""max_width_2000"": 1600, ""max_height_2000"": 1067, ""url_max_2000"": ""https://live.staticflickr.com/8327/8127024179_2d6f8bd1ee_h.jpg"", ""flickr_page"": ""https://www.flickr.com/photos/27792531@N02/8127024179"", ""camera"": ""Fujifilm X-E1"", ""create_date"": ""2012:10:27 09:33:45"", ""lens_model"": ""XF35mmF1.4 R"", ""iso"": ""400"", ""exposure_time"": ""1/280"", ""exposure_program"": ""Aperture-priority AE"", ""exposure_compensation"": ""+0.67"", ""aperture"": ""4.0"", ""focal_length"": ""35.0 mm"", ""focal_length_in35mm"": ""53 mm"", ""white_balance"": ""Auto"", ""metering_mode"": ""Multi-segment"", ""flash"": ""Off, Did not fire"", ""pageid"": ""2019""}"
8127025087|27792531@N02|2019|Fujifilm X-E1|Fujifilm|27792531@N02_Fujifilm_b518bd16.json|"{""id"": ""8127025087"", ""owner"": ""27792531@N02"", ""title"": ""DSCF7009"", ""realname"": """", ""ownername"": ""YangChen(TW)"", ""datetaken"": ""2012-10-27 09:22:35"", ""max_width"": 4896, ""max_height"": 3264, ""url_max"": ""https://live.staticflickr.com/8464/8127025087_96b8c9ec10_o.jpg"", ""max_width_2000"": 1600, ""max_height_2000"": 1067, ""url_max_2000"": ""https://live.staticflickr.com/8464/8127025087_23a537c76e_h.jpg"", ""flickr_page"": ""https://www.flickr.com/photos/27792531@N02/8127025087"", ""camera"": ""Fujifilm X-E1"", ""create_date"": ""2012:10:27 09:22:35"", ""lens_model"": ""XF35mmF1.4 R"", ""iso"": ""400"", ""exposure_time"": ""1/240"", ""exposure_program"": ""Aperture-priority AE"", ""exposure_compensation"": ""+1"", ""aperture"": ""4.0"", ""focal_length"": ""35.0 mm"", ""focal_length_in35mm"": ""53 mm"", ""white_balance"": ""Auto"", ""metering_mode"": ""Multi-segment"", ""flash"": ""Off, Did not fire"", ""pageid"": ""2019""}"
8127023805|27792531@N02|2019|Fujifilm X-E1|Fujifilm|27792531@N02_Fujifilm_b518bd16.json|"{""id"": ""8127023805"", ""owner"": ""27792531@N02"", ""title"": ""DSCF7020"", ""realname"": """", ""ownername"": ""YangChen(TW)"", ""datetaken"": ""2012-10-27 09:33:48"", ""max_width"": 4896, ""max_height"": 3264, ""url_max"": ""https://live.staticflickr.com/8054/8127023805_ecd777f427_o.jpg"", ""max_width_2000"": 1600, ""max_height_2000"": 1067, ""url_max_2000"": ""https://live.staticflickr.com/8054/8127023805_1fa48dd42c_h.jpg"", ""flickr_page"": ""https://www.flickr.com/photos/27792531@N02/8127023805"", ""camera"": ""Fujifilm X-E1"", ""create_date"": ""2012:10:27 09:33:48"", ""lens_model"": ""XF35mmF1.4 R"", ""iso"": ""400"", ""exposure_time"": ""1/600"", ""exposure_program"": ""Aperture-priority AE"", ""exposure_compensation"": ""+0.67"", ""aperture"": ""2.8"", ""focal_length"": ""35.0 mm"", ""focal_length_in35mm"": ""53 mm"", ""white_balance"": ""Auto"", ""metering_mode"": ""Multi-segment"", ""flash"": ""Off, Did not fire"", ""pageid"": ""2019""}"
8127025535|27792531@N02|2019|Fujifilm X-E1|Fujifilm|27792531@N02_Fujifilm_b518bd16.json|"{""id"": ""8127025535"", ""owner"": ""27792531@N02"", ""title"": ""DSCF7007"", ""realname"": """", ""ownername"": ""YangChen(TW)"", ""datetaken"": ""2012-10-27 09:22:26"", ""max_width"": 4896, ""max_height"": 3264, ""url_max"": ""https://live.staticflickr.com/8331/8127025535_b7bff81476_o.jpg"", ""max_width_2000"": 1600, ""max_height_2000"": 1067, ""url_max_2000"": ""https://live.staticflickr.com/8331/8127025535_0bacd4fe6b_h.jpg"", ""flickr_page"": ""https://www.flickr.com/photos/27792531@N02/8127025535"", ""camera"": ""Fujifilm X-E1"", ""create_date"": ""2012:10:27 09:22:26"", ""lens_model"": ""XF35mmF1.4 R"", ""iso"": ""400"", ""exposure_time"": ""1/340"", ""exposure_program"": ""Aperture-priority AE"", ""exposure_compensation"": ""+0.67"", ""aperture"": ""4.0"", ""focal_length"": ""35.0 mm"", ""focal_length_in35mm"": ""53 mm"", ""white_balance"": ""Auto"", ""metering_mode"": ""Multi-segment"", ""flash"": ""Off, Did not fire"", ""pageid"": ""2019""}"
8127022891|27792531@N02|2019|Fujifilm X-E1|Fujifilm|27792531@N02_Fujifilm_b518bd16.json|"{""id"": ""8127022891"", ""owner"": ""27792531@N02"", ""title"": ""DSCF7033"", ""realname"": """", ""ownername"": ""YangChen(TW)"", ""datetaken"": ""2012-10-27 09:44:37"", ""max_width"": 4896, ""max_height"": 3264, ""url_max"": ""https://live.staticflickr.com/8054/8127022891_fe90f5bec9_o.jpg"", ""max_width_2000"": 1600, ""max_height_2000"": 1067, ""url_max_2000"": ""https://live.staticflickr.com/8054/8127022891_c849cbee4e_h.jpg"", ""flickr_page"": ""https://www.flickr.com/photos/27792531@N02/8127022891"", ""camera"": ""Fujifilm X-E1"", ""create_date"": ""2012:10:27 09:44:37"", ""lens_model"": ""XF35mmF1.4 R"", ""iso"": ""400"", ""exposure_time"": ""1/140"", ""exposure_program"": ""Program AE"", ""exposure_compensation"": ""+0.67"", ""aperture"": ""2.0"", ""focal_length"": ""35.0 mm"", ""focal_length_in35mm"": ""53 mm"", ""white_balance"": ""Auto"", ""metering_mode"": ""Multi-segment"", ""flash"": ""Off, Did not fire"", ""pageid"": ""2019""}"
8127023485|27792531@N02|2019|Fujifilm X-E1|Fujifilm|27792531@N02_Fujifilm_b518bd16.json|"{""id"": ""8127023485"", ""owner"": ""27792531@N02"", ""title"": ""DSCF7027"", ""realname"": """", ""ownername"": ""YangChen(TW)"", ""datetaken"": ""2012-10-27 09:43:53"", ""max_width"": 4896, ""max_height"": 3264, ""url_max"": ""https://live.staticflickr.com/8195/8127023485_4131c095c5_o.jpg"", ""max_width_2000"": 1600, ""max_height_2000"": 1067, ""url_max_2000"": ""https://live.staticflickr.com/8195/8127023485_87328c48f0_h.jpg"", ""flickr_page"": ""https://www.flickr.com/photos/27792531@N02/8127023485"", ""camera"": ""Fujifilm X-E1"", ""create_date"": ""2012:10:27 09:43:53"", ""lens_model"": ""XF35mmF1.4 R"", ""iso"": ""400"", ""exposure_time"": ""1/56"", ""exposure_program"": ""Aperture-priority AE"", ""exposure_compensation"": ""+0.33"", ""aperture"": ""4.0"", ""focal_length"": ""35.0 mm"", ""focal_length_in35mm"": ""53 mm"", ""white_balance"": ""Auto"", ""metering_mode"": ""Multi-segment"", ""flash"": ""Off, Did not fire"", ""pageid"": ""2019""}"
8127023057|27792531@N02|2019|Fujifilm X-E1|Fujifilm|27792531@N02_Fujifilm_b518bd16.json|"{""id"": ""8127023057"", ""owner"": ""27792531@N02"", ""title"": ""DSCF7032"", ""realname"": """", ""ownername"": ""YangChen(TW)"", ""datetaken"": ""2012-10-27 09:44:29"", ""max_width"": 4896, ""max_height"": 3264, ""url_max"": ""https://live.staticflickr.com/8327/8127023057_c6353404de_o.jpg"", ""max_width_2000"": 1600, ""max_height_2000"": 1067, ""url_max_2000"": ""https://live.staticflickr.com/8327/8127023057_3bb3444f96_h.jpg"", ""flickr_page"": ""https://www.flickr.com/photos/27792531@N02/8127023057"", ""camera"": ""Fujifilm X-E1"", ""create_date"": ""2012:10:27 09:44:29"", ""lens_model"": ""XF35mmF1.4 R"", ""iso"": ""400"", ""exposure_time"": ""1/140"", ""exposure_program"": ""Program AE"", ""exposure_compensation"": ""+0.67"", ""aperture"": ""2.0"", ""focal_length"": ""35.0 mm"", ""focal_length_in35mm"": ""53 mm"", ""white_balance"": ""Auto"", ""metering_mode"": ""Multi-segment"", ""flash"": ""Off, Did not fire"", ""pageid"": ""2019""}"
8127023947|27792531@N02|2019|Fujifilm X-E1|Fujifilm|27792531@N02_Fujifilm_b518bd16.json|"{""id"": ""8127023947"", ""owner"": ""27792531@N02"", ""title"": ""DSCF7019"", ""realname"": """", ""ownername"": ""YangChen(TW)"", ""datetaken"": ""2012-10-27 09:33:46"", ""max_width"": 4896, ""max_height"": 3264, ""url_max"": ""https://live.staticflickr.com/8470/8127023947_2a0aa4d6e6_o.jpg"", ""max_width_2000"": 1600, ""max_height_2000"": 1067, ""url_max_2000"": ""https://live.staticflickr.com/8470/8127023947_3df664c594_h.jpg"", ""flickr_page"": ""https://www.flickr.com/photos/27792531@N02/8127023947"", ""camera"": ""Fujifilm X-E1"", ""create_date"": ""2012:10:27 09:33:46"", ""lens_model"": ""XF35mmF1.4 R"", ""iso"": ""400"", ""exposure_time"": ""1/600"", ""exposure_program"": ""Aperture-priority AE"", ""exposure_compensation"": ""+0.67"", ""aperture"": ""2.8"", ""focal_length"": ""35.0 mm"", ""focal_length_in35mm"": ""53 mm"", ""white_balance"": ""Auto"", ""metering_mode"": ""Multi-segment"", ""flash"": ""Off, Did not fire"", ""pageid"": ""2019""}"
8127025845|27792531@N02|2019|Fujifilm X-E1|Fujifilm|27792531@N02_Fujifilm_b518bd16.json|"{""id"": ""8127025845"", ""owner"": ""27792531@N02"", ""title"": ""DSCF7006"", ""realname"": """", ""ownername"": ""YangChen(TW)"", ""datetaken"": ""2012-10-27 09:22:18"", ""max_width"": 4896, ""max_height"": 3264, ""url_max"": ""https://live.staticflickr.com/8053/8127025845_7ba764d30c_o.jpg"", ""max_width_2000"": 1600, ""max_height_2000"": 1067, ""url_max_2000"": ""https://live.staticflickr.com/8053/8127025845_19e982bd7c_h.jpg"", ""flickr_page"": ""https://www.flickr.com/photos/27792531@N02/8127025845"", ""camera"": ""Fujifilm X-E1"", ""create_date"": ""2012:10:27 09:22:18"", ""lens_model"": ""XF35mmF1.4 R"", ""iso"": ""400"", ""exposure_time"": ""1/250"", ""exposure_program"": ""Aperture-priority AE"", ""exposure_compensation"": ""+0.67"", ""aperture"": ""4.0"", ""focal_length"": ""35.0 mm"", ""focal_length_in35mm"": ""53 mm"", ""white_balance"": ""Auto"", ""metering_mode"": ""Multi-segment"", ""flash"": ""Off, Did not fire"", ""pageid"": ""2019""}"
8127051090|27792531@N02|2019|Fujifilm X-E1|Fujifilm|27792531@N02_Fujifilm_b518bd16.json|"{""id"": ""8127051090"", ""owner"": ""27792531@N02"", ""title"": ""DSCF7011"", ""realname"": """", ""ownername"": ""YangChen(TW)"", ""datetaken"": ""2012-10-27 09:33:05"", ""max_width"": 4896, ""max_height"": 3264, ""url_max"": ""https://live.staticflickr.com/8195/8127051090_a90c9c62c4_o.jpg"", ""max_width_2000"": 1365, ""max_height_2000"": 2048, ""url_max_2000"": ""https://live.staticflickr.com/8195/8127051090_b89f74bbf1_k.jpg"", ""flickr_page"": ""https://www.flickr.com/photos/27792531@N02/8127051090"", ""camera"": ""Fujifilm X-E1"", ""create_date"": ""2012:10:27 09:33:05"", ""lens_model"": ""XF35mmF1.4 R"", ""iso"": ""400"", ""exposure_time"": ""1/350"", ""exposure_program"": ""Aperture-priority AE"", ""exposure_compensation"": ""+1"", ""aperture"": ""4.0"", ""focal_length"": ""35.0 mm"", ""focal_length_in35mm"": ""53 mm"", ""white_balance"": ""Auto"", ""metering_mode"": ""Multi-segment"", ""flash"": ""Off, Did not fire"", ""pageid"": ""2019""}"
8127026065|27792531@N02|2019|Fujifilm X-E1|Fujifilm|27792531@N02_Fujifilm_b518bd16.json|"{""id"": ""8127026065"", ""owner"": ""27792531@N02"", ""title"": ""DSCF7003"", ""realname"": """", ""ownername"": ""YangChen(TW)"", ""datetaken"": ""2012-10-27 09:21:47"", ""max_width"": 4896, ""max_height"": 3264, ""url_max"": ""https://live.staticflickr.com/8192/8127026065_a03040940f_o.jpg"", ""max_width_2000"": 1600, ""max_height_2000"": 1067, ""url_max_2000"": ""https://live.staticflickr.com/8192/8127026065_743bda9b18_h.jpg"", ""flickr_page"": ""https://www.flickr.com/photos/27792531@N02/8127026065"", ""camera"": ""Fujifilm X-E1"", ""create_date"": ""2012:10:27 09:21:47"", ""lens_model"": ""XF35mmF1.4 R"", ""iso"": ""400"", ""exposure_time"": ""1/240"", ""exposure_program"": ""Aperture-priority AE"", ""exposure_compensation"": ""+0.67"", ""aperture"": ""4.0"", ""focal_length"": ""35.0 mm"", ""focal_length_in35mm"": ""53 mm"", ""white_balance"": ""Auto"", ""metering_mode"": ""Multi-segment"", ""flash"": ""Off, Did not fire"", ""pageid"": ""2019""}"
8127050562|27792531@N02|2019|Fujifilm X-E1|Fujifilm|27792531@N02_Fujifilm_b518bd16.json|"{""id"": ""8127050562"", ""owner"": ""27792531@N02"", ""title"": ""DSCF7016"", ""realname"": """", ""ownername"": ""YangChen(TW)"", ""datetaken"": ""2012-10-27 09:33:32"", ""max_width"": 4896, ""max_height"": 3264, ""url_max"": ""https://live.staticflickr.com/8327/8127050562_dacf92e354_o.jpg"", ""max_width_2000"": 1600, ""max_height_2000"": 1067, ""url_max_2000"": ""https://live.staticflickr.com/8327/8127050562_8fd461f9d0_h.jpg"", ""flickr_page"": ""https://www.flickr.com/photos/27792531@N02/8127050562"", ""camera"": ""Fujifilm X-E1"", ""create_date"": ""2012:10:27 09:33:32"", ""lens_model"": ""XF35mmF1.4 R"", ""iso"": ""400"", ""exposure_time"": ""1/250"", ""exposure_program"": ""Aperture-priority AE"", ""exposure_compensation"": ""+0.67"", ""aperture"": ""4.0"", ""focal_length"": ""35.0 mm"", ""focal_length_in35mm"": ""53 mm"", ""white_balance"": ""Auto"", ""metering_mode"": ""Multi-segment"", ""flash"": ""Off, Did not fire"", ""pageid"": ""2019""}"
8127048628|27792531@N02|2019|Fujifilm X-E1|Fujifilm|27792531@N02_Fujifilm_b518bd16.json|"{""id"": ""8127048628"", ""owner"": ""27792531@N02"", ""title"": ""DSCF7034"", ""realname"": """", ""ownername"": ""YangChen(TW)"", ""datetaken"": ""2012-10-27 09:44:39"", ""max_width"": 4896, ""max_height"": 3264, ""url_max"": ""https://live.staticflickr.com/8195/8127048628_4af0bb63fb_o.jpg"", ""max_width_2000"": 1600, ""max_height_2000"": 1067, ""url_max_2000"": ""https://live.staticflickr.com/8195/8127048628_d4ae64f673_h.jpg"", ""flickr_page"": ""https://www.flickr.com/photos/27792531@N02/8127048628"", ""camera"": ""Fujifilm X-E1"", ""create_date"": ""2012:10:27 09:44:39"", ""lens_model"": ""XF35mmF1.4 R"", ""iso"": ""400"", ""exposure_time"": ""1/140"", ""exposure_program"": ""Program AE"", ""exposure_compensation"": ""+0.67"", ""aperture"": ""1.8"", ""focal_length"": ""35.0 mm"", ""focal_length_in35mm"": ""53 mm"", ""white_balance"": ""Auto"", ""metering_mode"": ""Multi-segment"", ""flash"": ""Off, Did not fire"", ""pageid"": ""2019""}"
8127050734|27792531@N02|2019|Fujifilm X-E1|Fujifilm|27792531@N02_Fujifilm_b518bd16.json|"{""id"": ""8127050734"", ""owner"": ""27792531@N02"", ""title"": ""DSCF7014"", ""realname"": """", ""ownername"": ""YangChen(TW)"", ""datetaken"": ""2012-10-27 09:33:14"", ""max_width"": 4896, ""max_height"": 3264, ""url_max"": ""https://live.staticflickr.com/8473/8127050734_15066b8fa4_o.jpg"", ""max_width_2000"": 1365, ""max_height_2000"": 2048, ""url_max_2000"": ""https://live.staticflickr.com/8473/8127050734_2b7de7c576_k.jpg"", ""flickr_page"": ""https://www.flickr.com/photos/27792531@N02/8127050734"", ""camera"": ""Fujifilm X-E1"", ""create_date"": ""2012:10:27 09:33:14"", ""lens_model"": ""XF35mmF1.4 R"", ""iso"": ""400"", ""exposure_time"": ""1/480"", ""exposure_program"": ""Aperture-priority AE"", ""exposure_compensation"": ""+0.67"", ""aperture"": ""4.0"", ""focal_length"": ""35.0 mm"", ""focal_length_in35mm"": ""53 mm"", ""white_balance"": ""Auto"", ""metering_mode"": ""Multi-segment"", ""flash"": ""Off, Did not fire"", ""pageid"": ""2019""}"
8127049538|27792531@N02|2019|Fujifilm X-E1|Fujifilm|27792531@N02_Fujifilm_b518bd16.json|"{""id"": ""8127049538"", ""owner"": ""27792531@N02"", ""title"": ""DSCF7031"", ""realname"": """", ""ownername"": ""YangChen(TW)"", ""datetaken"": ""2012-10-27 09:44:27"", ""max_width"": 4896, ""max_height"": 3264, ""url_max"": ""https://live.staticflickr.com/8325/8127049538_cf5ffb13ab_o.jpg"", ""max_width_2000"": 1600, ""max_height_2000"": 1067, ""url_max_2000"": ""https://live.staticflickr.com/8325/8127049538_80db89c567_h.jpg"", ""flickr_page"": ""https://www.flickr.com/photos/27792531@N02/8127049538"", ""camera"": ""Fujifilm X-E1"", ""create_date"": ""2012:10:27 09:44:27"", ""lens_model"": ""XF35mmF1.4 R"", ""iso"": ""400"", ""exposure_time"": ""1/140"", ""exposure_program"": ""Program AE"", ""exposure_compensation"": ""+0.67"", ""aperture"": ""2.0"", ""focal_length"": ""35.0 mm"", ""focal_length_in35mm"": ""53 mm"", ""white_balance"": ""Auto"", ""metering_mode"": ""Multi-segment"", ""flash"": ""Off, Did not fire"", ""pageid"": ""2019""}"
8127775011|27792531@N02|2019|Fujifilm X-E1|Fujifilm|27792531@N02_Fujifilm_b518bd16.json|"{""id"": ""8127775011"", ""owner"": ""27792531@N02"", ""title"": ""DSCF7041"", ""realname"": """", ""ownername"": ""YangChen(TW)"", ""datetaken"": ""2012-10-27 10:07:36"", ""max_width"": 4896, ""max_height"": 3264, ""url_max"": ""https://live.staticflickr.com/8336/8127775011_7bd8e07a58_o.jpg"", ""max_width_2000"": 1600, ""max_height_2000"": 1067, ""url_max_2000"": ""https://live.staticflickr.com/8336/8127775011_ba08d5a8b6_h.jpg"", ""flickr_page"": ""https://www.flickr.com/photos/27792531@N02/8127775011"", ""camera"": ""Fujifilm X-E1"", ""create_date"": ""2012:10:27 10:07:36"", ""lens_model"": ""XF35mmF1.4 R"", ""iso"": ""800"", ""exposure_time"": ""1/52"", ""exposure_program"": ""Aperture-priority AE"", ""exposure_compensation"": ""0"", ""aperture"": ""3.6"", ""focal_length"": ""35.0 mm"", ""focal_length_in35mm"": ""53 mm"", ""white_balance"": ""Auto"", ""metering_mode"": ""Multi-segment"", ""flash"": ""Off, Did not fire"", ""pageid"": ""2019""}"
8127051500|27792531@N02|2019|Fujifilm X-E1|Fujifilm|27792531@N02_Fujifilm_b518bd16.json|"{""id"": ""8127051500"", ""owner"": ""27792531@N02"", ""title"": ""DSCF7008"", ""realname"": """", ""ownername"": ""YangChen(TW)"", ""datetaken"": ""2012-10-27 09:22:32"", ""max_width"": 4896, ""max_height"": 3264, ""url_max"": ""https://live.staticflickr.com/8472/8127051500_526b5c7e45_o.jpg"", ""max_width_2000"": 1600, ""max_height_2000"": 1067, ""url_max_2000"": ""https://live.staticflickr.com/8472/8127051500_e0e3adb7c7_h.jpg"", ""flickr_page"": ""https://www.flickr.com/photos/27792531@N02/8127051500"", ""camera"": ""Fujifilm X-E1"", ""create_date"": ""2012:10:27 09:22:32"", ""lens_model"": ""XF35mmF1.4 R"", ""iso"": ""400"", ""exposure_time"": ""1/340"", ""exposure_program"": ""Aperture-priority AE"", ""exposure_compensation"": ""+0.67"", ""aperture"": ""4.0"", ""focal_length"": ""35.0 mm"", ""focal_length_in35mm"": ""53 mm"", ""white_balance"": ""Auto"", ""metering_mode"": ""Multi-segment"", ""flash"": ""Off, Did not fire"", ""pageid"": ""2019""}"
8127774577|27792531@N02|2019|Fujifilm X-E1|Fujifilm|27792531@N02_Fujifilm_b518bd16.json|"{""id"": ""8127774577"", ""owner"": ""27792531@N02"", ""title"": ""DSCF7112"", ""realname"": """", ""ownername"": ""YangChen(TW)"", ""datetaken"": ""2012-10-27 18:14:10"", ""max_width"": 4896, ""max_height"": 3264, ""url_max"": ""https://live.staticflickr.com/8467/8127774577_56faf2abaf_o.jpg"", ""max_width_2000"": 1600, ""max_height_2000"": 1067, ""url_max_2000"": ""https://live.staticflickr.com/8467/8127774577_3f3f7d683a_h.jpg"", ""flickr_page"": ""https://www.flickr.com/photos/27792531@N02/8127774577"", ""camera"": ""Fujifilm X-E1"", ""create_date"": ""2012:10:27 18:14:10"", ""lens_model"": ""XF35mmF1.4 R"", ""iso"": ""2500"", ""exposure_time"": ""1/52"", ""exposure_program"": ""Aperture-priority AE"", ""exposure_compensation"": ""0"", ""aperture"": ""3.2"", ""focal_length"": ""35.0 mm"", ""focal_length_in35mm"": ""53 mm"", ""white_balance"": ""Auto"", ""metering_mode"": ""Multi-segment"", ""flash"": ""Off, Did not fire"", ""pageid"": ""2019""}"
8127050902|27792531@N02|2019|Fujifilm X-E1|Fujifilm|27792531@N02_Fujifilm_b518bd16.json|"{""id"": ""8127050902"", ""owner"": ""27792531@N02"", ""title"": ""DSCF7012"", ""realname"": """", ""ownername"": ""YangChen(TW)"", ""datetaken"": ""2012-10-27 09:33:07"", ""max_width"": 4896, ""max_height"": 3264, ""url_max"": ""https://live.staticflickr.com/8054/8127050902_72ff945b3f_o.jpg"", ""max_width_2000"": 1365, ""max_height_2000"": 2048, ""url_max_2000"": ""https://live.staticflickr.com/8054/8127050902_5a74bf8323_k.jpg"", ""flickr_page"": ""https://www.flickr.com/photos/27792531@N02/8127050902"", ""camera"": ""Fujifilm X-E1"", ""create_date"": ""2012:10:27 09:33:07"", ""lens_model"": ""XF35mmF1.4 R"", ""iso"": ""400"", ""exposure_time"": ""1/420"", ""exposure_program"": ""Aperture-priority AE"", ""exposure_compensation"": ""+1"", ""aperture"": ""4.0"", ""focal_length"": ""35.0 mm"", ""focal_length_in35mm"": ""53 mm"", ""white_balance"": ""Auto"", ""metering_mode"": ""Multi-segment"", ""flash"": ""Off, Did not fire"", ""pageid"": ""2019""}"
8127775349|27792531@N02|2019|Fujifilm X-E1|Fujifilm|27792531@N02_Fujifilm_b518bd16.json|"{""id"": ""8127775349"", ""owner"": ""27792531@N02"", ""title"": ""DSCF7040"", ""realname"": """", ""ownername"": ""YangChen(TW)"", ""datetaken"": ""2012-10-27 10:07:15"", ""max_width"": 4896, ""max_height"": 3264, ""url_max"": ""https://live.staticflickr.com/8467/8127775349_6a42c8b54e_o.jpg"", ""max_width_2000"": 1600, ""max_height_2000"": 1067, ""url_max_2000"": ""https://live.staticflickr.com/8467/8127775349_e2488a3105_h.jpg"", ""flickr_page"": ""https://www.flickr.com/photos/27792531@N02/8127775349"", ""camera"": ""Fujifilm X-E1"", ""create_date"": ""2012:10:27 10:07:15"", ""lens_model"": ""XF35mmF1.4 R"", ""iso"": ""1250"", ""exposure_time"": ""1/52"", ""exposure_program"": ""Aperture-priority AE"", ""exposure_compensation"": ""0"", ""aperture"": ""3.6"", ""focal_length"": ""35.0 mm"", ""focal_length_in35mm"": ""53 mm"", ""white_balance"": ""Auto"", ""metering_mode"": ""Multi-segment"", ""flash"": ""Off, Did not fire"", ""pageid"": ""2019""}"
8127791663|27792531@N02|2019|Fujifilm X-E1|Fujifilm|27792531@N02_Fujifilm_b518bd16.json|"{""id"": ""8127791663"", ""owner"": ""27792531@N02"", ""title"": ""DSCF7039"", ""realname"": """", ""ownername"": ""YangChen(TW)"", ""datetaken"": ""2012-10-27 10:05:12"", ""max_width"": 4896, ""max_height"": 3264, ""url_max"": ""https://live.staticflickr.com/8047/8127791663_bd33d25de8_o.jpg"", ""max_width_2000"": 1365, ""max_height_2000"": 2048, ""url_max_2000"": ""https://live.staticflickr.com/8047/8127791663_f77529c2a5_k.jpg"", ""flickr_page"": ""https://www.flickr.com/photos/27792531@N02/8127791663"", ""camera"": ""Fujifilm X-E1"", ""create_date"": ""2012:10:27 10:05:12"", ""lens_model"": ""XF35mmF1.4 R"", ""iso"": ""500"", ""exposure_time"": ""1/52"", ""exposure_program"": ""Aperture-priority AE"", ""exposure_compensation"": ""+0.33"", ""aperture"": ""5.6"", ""focal_length"": ""35.0 mm"", ""focal_length_in35mm"": ""53 mm"", ""white_balance"": ""Auto"", ""metering_mode"": ""Multi-segment"", ""flash"": ""Off, Did not fire"", ""pageid"": ""2019""}"
8127792935|27792531@N02|2019|Fujifilm X-E1|Fujifilm|27792531@N02_Fujifilm_b518bd16.json|"{""id"": ""8127792935"", ""owner"": ""27792531@N02"", ""title"": ""DSCF7035"", ""realname"": """", ""ownername"": ""YangChen(TW)"", ""datetaken"": ""2012-10-27 10:03:55"", ""max_width"": 4896, ""max_height"": 3264, ""url_max"": ""https://live.staticflickr.com/8335/8127792935_02e6bf08b6_o.jpg"", ""max_width_2000"": 1600, ""max_height_2000"": 1067, ""url_max_2000"": ""https://live.staticflickr.com/8335/8127792935_8f2db7cf2e_h.jpg"", ""flickr_page"": ""https://www.flickr.com/photos/27792531@N02/8127792935"", ""camera"": ""Fujifilm X-E1"", ""create_date"": ""2012:10:27 10:03:55"", ""lens_model"": ""XF35mmF1.4 R"", ""iso"": ""400"", ""exposure_time"": ""1/90"", ""exposure_program"": ""Aperture-priority AE"", ""exposure_compensation"": ""0"", ""aperture"": ""5.6"", ""focal_length"": ""35.0 mm"", ""focal_length_in35mm"": ""53 mm"", ""white_balance"": ""Auto"", ""metering_mode"": ""Multi-segment"", ""flash"": ""Off, Did not fire"", ""pageid"": ""2019""}"
8127792409|27792531@N02|2019|Fujifilm X-E1|Fujifilm|27792531@N02_Fujifilm_b518bd16.json|"{""id"": ""8127792409"", ""owner"": ""27792531@N02"", ""title"": ""DSCF7036"", ""realname"": """", ""ownername"": ""YangChen(TW)"", ""datetaken"": ""2012-10-27 10:04:29"", ""max_width"": 4896, ""max_height"": 3264, ""url_max"": ""https://live.staticflickr.com/8324/8127792409_4439fef9cf_o.jpg"", ""max_width_2000"": 1600, ""max_height_2000"": 1067, ""url_max_2000"": ""https://live.staticflickr.com/8324/8127792409_1853048ad5_h.jpg"", ""flickr_page"": ""https://www.flickr.com/photos/27792531@N02/8127792409"", ""camera"": ""Fujifilm X-E1"", ""create_date"": ""2012:10:27 10:04:29"", ""lens_model"": ""XF35mmF1.4 R"", ""iso"": ""400"", ""exposure_time"": ""1/200"", ""exposure_program"": ""Aperture-priority AE"", ""exposure_compensation"": ""+0.67"", ""aperture"": ""5.6"", ""focal_length"": ""35.0 mm"", ""focal_length_in35mm"": ""53 mm"", ""white_balance"": ""Auto"", ""metering_mode"": ""Multi-segment"", ""flash"": ""Off, Did not fire"", ""pageid"": ""2019""}"
8127819798|27792531@N02|2019|Fujifilm X-E1|Fujifilm|27792531@N02_Fujifilm_b518bd16.json|"{""id"": ""8127819798"", ""owner"": ""27792531@N02"", ""title"": ""DSCF7038"", ""realname"": """", ""ownername"": ""YangChen(TW)"", ""datetaken"": ""2012-10-27 10:04:54"", ""max_width"": 4896, ""max_height"": 3264, ""url_max"": ""https://live.staticflickr.com/8465/8127819798_bcbca04f18_o.jpg"", ""max_width_2000"": 1600, ""max_height_2000"": 1067, ""url_max_2000"": ""https://live.staticflickr.com/8465/8127819798_13a1b6f8c2_h.jpg"", ""flickr_page"": ""https://www.flickr.com/photos/27792531@N02/8127819798"", ""camera"": ""Fujifilm X-E1"", ""create_date"": ""2012:10:27 10:04:54"", ""lens_model"": ""XF35mmF1.4 R"", ""iso"": ""400"", ""exposure_time"": ""1/52"", ""exposure_program"": ""Aperture-priority AE"", ""exposure_compensation"": ""+1"", ""aperture"": ""5.6"", ""focal_length"": ""35.0 mm"", ""focal_length_in35mm"": ""53 mm"", ""white_balance"": ""Auto"", ""metering_mode"": ""Multi-segment"", ""flash"": ""Off, Did not fire"", ""pageid"": ""2019""}"
8127778913|27792531@N02|2017|Fujifilm X-E1|Fujifilm|27792531@N02_Fujifilm_a177d890.json|"{""id"": ""8127778913"", ""owner"": ""27792531@N02"", ""title"": ""DSCF7117"", ""realname"": """", ""ownername"": ""YangChen(TW)"", ""datetaken"": ""2012-10-27 21:12:28"", ""max_width"": 4896, ""max_height"": 3264, ""url_max"": ""https://live.staticflickr.com/8183/8127778913_13953f2fcb_o.jpg"", ""max_width_2000"": 1600, ""max_height_2000"": 1067, ""url_max_2000"": ""https://live.staticflickr.com/8183/8127778913_c0d824480e_h.jpg"", ""flickr_page"": ""https://www.flickr.com/photos/27792531@N02/8127778913"", ""camera"": ""Fujifilm X-E1"", ""create_date"": ""2012:10:27 21:12:28"", ""lens_model"": ""XF35mmF1.4 R"", ""iso"": ""800"", ""exposure_time"": ""1/52"", ""exposure_program"": ""Program AE"", ""exposure_compensation"": ""0"", ""aperture"": ""1.4"", ""focal_length"": ""35.0 mm"", ""focal_length_in35mm"": ""53 mm"", ""white_balance"": ""Auto"", ""metering_mode"": ""Multi-segment"", ""flash"": ""Off, Did not fire"", ""pageid"": ""2017""}"
8127780095|27792531@N02|2017|Fujifilm X-E1|Fujifilm|27792531@N02_Fujifilm_a177d890.json|"{""id"": ""8127780095"", ""owner"": ""27792531@N02"", ""title"": ""DSCF7128"", ""realname"": """", ""ownername"": ""YangChen(TW)"", ""datetaken"": ""2012-10-27 21:41:39"", ""max_width"": 4896, ""max_height"": 3264, ""url_max"": ""https://live.staticflickr.com/8052/8127780095_3b23f0c238_o.jpg"", ""max_width_2000"": 1365, ""max_height_2000"": 2048, ""url_max_2000"": ""https://live.staticflickr.com/8052/8127780095_d8e06c744a_k.jpg"", ""flickr_page"": ""https://www.flickr.com/photos/27792531@N02/8127780095"", ""camera"": ""Fujifilm X-E1"", ""create_date"": ""2012:10:27 21:41:39"", ""lens_model"": ""XF35mmF1.4 R"", ""iso"": ""400"", ""exposure_time"": ""1/80"", ""exposure_program"": ""Aperture-priority AE"", ""exposure_compensation"": ""0"", ""aperture"": ""2.0"", ""focal_length"": ""35.0 mm"", ""focal_length_in35mm"": ""53 mm"", ""white_balance"": ""Auto"", ""metering_mode"": ""Multi-segment"", ""flash"": ""Off, Did not fire"", ""pageid"": ""2017""}"
8127804458|27792531@N02|2017|Fujifilm X-E1|Fujifilm|27792531@N02_Fujifilm_a177d890.json|"{""id"": ""8127804458"", ""owner"": ""27792531@N02"", ""title"": ""DSCF7122"", ""realname"": """", ""ownername"": ""YangChen(TW)"", ""datetaken"": ""2012-10-27 21:41:14"", ""max_width"": 4896, ""max_height"": 3264, ""url_max"": ""https://live.staticflickr.com/8187/8127804458_a886f9b304_o.jpg"", ""max_width_2000"": 1365, ""max_height_2000"": 2048, ""url_max_2000"": ""https://live.staticflickr.com/8187/8127804458_450cd052d3_k.jpg"", ""flickr_page"": ""https://www.flickr.com/photos/27792531@N02/8127804458"", ""camera"": ""Fujifilm X-E1"", ""create_date"": ""2012:10:27 21:41:14"", ""lens_model"": ""XF35mmF1.4 R"", ""iso"": ""400"", ""exposure_time"": ""1/110"", ""exposure_program"": ""Program AE"", ""exposure_compensation"": ""0"", ""aperture"": ""1.4"", ""focal_length"": ""35.0 mm"", ""focal_length_in35mm"": ""53 mm"", ""white_balance"": ""Auto"", ""metering_mode"": ""Multi-segment"", ""flash"": ""Off, Did not fire"", ""pageid"": ""2017""}"
