photo_id|owner_id|page_id|camera|camera_type|filename|data
26509583869|70202166@N00|285|Fujifilm X-E3|Fujifilm|70202166@N00_Fujifilm_2886e32b.json|"{""id"": ""26509583869"", ""owner"": ""70202166@N00"", ""title"": ""DSCF9666"", ""realname"": """", ""ownername"": ""黑麵之路‧不由分說"", ""datetaken"": ""2017-11-09 14:09:19"", ""max_width"": 4000, ""max_height"": 6000, ""url_max"": ""https://live.staticflickr.com/4539/26509583869_f9254b3caf_6k.jpg"", ""max_width_2000"": 1365, ""max_height_2000"": 2048, ""url_max_2000"": ""https://live.staticflickr.com/4539/26509583869_49fcbcf49f_k.jpg"", ""flickr_page"": ""https://www.flickr.com/photos/70202166@N00/26509583869"", ""camera"": ""Fujifilm X-E3"", ""create_date"": ""2017:11:09 14:09:19"", ""lens_model"": ""XF80mmF2.8 R LM OIS WR Macro"", ""iso"": ""1600"", ""exposure_time"": ""1/90"", ""exposure_program"": ""Aperture-priority AE"", ""exposure_compensation"": ""0"", ""aperture"": ""2.8"", ""focal_length"": ""80.0 mm"", ""focal_length_in35mm"": ""120 mm"", ""white_balance"": ""Auto"", ""metering_mode"": ""Multi-segment"", ""flash"": ""No Flash"", ""pageid"": ""285""}"
26509588709|70202166@N00|285|Fujifilm X-E3|Fujifilm|70202166@N00_Fujifilm_2886e32b.json|"{""id"": ""26509588709"", ""owner"": ""70202166@N00"", ""title"": ""DSCF9664"", ""realname"": """", ""ownername"": ""黑麵之路‧不由分說"", ""datetaken"": ""2017-11-09 14:08:47"", ""max_width"": 6000, ""max_height"": 4000, ""url_max"": ""https://live.staticflickr.com/4537/26509588709_46c6444b1e_6k.jpg"", ""max_width_2000"": 1600, ""max_height_2000"": 1067, ""url_max_2000"": ""https://live.staticflickr.com/4537/26509588709_385dc525b6_h.jpg"", ""flickr_page"": ""https://www.flickr.com/photos/70202166@N00/26509588709"", ""camera"": ""Fujifilm X-E3"", ""create_date"": ""2017:11:09 14:08:47"", ""lens_model"": ""XF80mmF2.8 R LM OIS WR Macro"", ""iso"": ""1600"", ""exposure_time"": ""1/40"", ""exposure_program"": ""Aperture-priority AE"", ""exposure_compensation"": ""0"", ""aperture"": ""2.8"", ""focal_length"": ""80.0 mm"", ""focal_length_in35mm"": ""120 mm"", ""white_balance"": ""Auto"", ""metering_mode"": ""Multi-segment"", ""flash"": ""No Flash"", ""pageid"": ""285""}"
24414204018|70202166@N00|285|Fujifilm X-E3|Fujifilm|70202166@N00_Fujifilm_2886e32b.json|"{""id"": ""24414204018"", ""owner"": ""70202166@N00"", ""title"": ""DSCF9673"", ""realname"": """", ""ownername"": ""黑麵之路‧不由分說"", ""datetaken"": ""2017-11-09 14:10:45"", ""max_width"": 6000, ""max_height"": 4000, ""url_max"": ""https://live.staticflickr.com/4576/24414204018_6d438ce09c_6k.jpg"", ""max_width_2000"": 1600, ""max_height_2000"": 1067, ""url_max_2000"": ""https://live.staticflickr.com/4576/24414204018_b023617dba_h.jpg"", ""flickr_page"": ""https://www.flickr.com/photos/70202166@N00/24414204018"", ""camera"": ""Fujifilm X-E3"", ""create_date"": ""2017:11:09 14:10:45"", ""lens_model"": ""XF80mmF2.8 R LM OIS WR Macro"", ""iso"": ""1600"", ""exposure_time"": ""1/140"", ""exposure_program"": ""Aperture-priority AE"", ""exposure_compensation"": ""+0.67"", ""aperture"": ""2.8"", ""focal_length"": ""80.0 mm"", ""focal_length_in35mm"": ""120 mm"", ""white_balance"": ""Auto"", ""metering_mode"": ""Multi-segment"", ""flash"": ""No Flash"", ""pageid"": ""285""}"
26509590859|70202166@N00|285|Fujifilm X-E3|Fujifilm|70202166@N00_Fujifilm_2886e32b.json|"{""id"": ""26509590859"", ""owner"": ""70202166@N00"", ""title"": ""DSCF9660"", ""realname"": """", ""ownername"": ""黑麵之路‧不由分說"", ""datetaken"": ""2017-11-09 14:08:06"", ""max_width"": 4000, ""max_height"": 6000, ""url_max"": ""https://live.staticflickr.com/4555/26509590859_17218609d4_6k.jpg"", ""max_width_2000"": 1365, ""max_height_2000"": 2048, ""url_max_2000"": ""https://live.staticflickr.com/4555/26509590859_eb1f836a2e_k.jpg"", ""flickr_page"": ""https://www.flickr.com/photos/70202166@N00/26509590859"", ""camera"": ""Fujifilm X-E3"", ""create_date"": ""2017:11:09 14:08:06"", ""lens_model"": ""XF80mmF2.8 R LM OIS WR Macro"", ""iso"": ""1600"", ""exposure_time"": ""1/75"", ""exposure_program"": ""Aperture-priority AE"", ""exposure_compensation"": ""+1"", ""aperture"": ""2.8"", ""focal_length"": ""80.0 mm"", ""focal_length_in35mm"": ""120 mm"", ""white_balance"": ""Auto"", ""metering_mode"": ""Multi-segment"", ""flash"": ""No Flash"", ""pageid"": ""285""}"
26509593399|70202166@N00|285|Fujifilm X-E3|Fujifilm|70202166@N00_Fujifilm_2886e32b.json|"{""id"": ""26509593399"", ""owner"": ""70202166@N00"", ""title"": ""DSCF9655"", ""realname"": """", ""ownername"": ""黑麵之路‧不由分說"", ""datetaken"": ""2017-11-09 14:06:52"", ""max_width"": 6000, ""max_height"": 4000, ""url_max"": ""https://live.staticflickr.com/4561/26509593399_c71245911a_6k.jpg"", ""max_width_2000"": 1600, ""max_height_2000"": 1067, ""url_max_2000"": ""https://live.staticflickr.com/4561/26509593399_240b521956_h.jpg"", ""flickr_page"": ""https://www.flickr.com/photos/70202166@N00/26509593399"", ""camera"": ""Fujifilm X-E3"", ""create_date"": ""2017:11:09 14:06:52"", ""lens_model"": ""XF80mmF2.8 R LM OIS WR Macro"", ""iso"": ""1600"", ""exposure_time"": ""1/85"", ""exposure_program"": ""Aperture-priority AE"", ""exposure_compensation"": ""+1.67"", ""aperture"": ""2.8"", ""focal_length"": ""80.0 mm"", ""focal_length_in35mm"": ""120 mm"", ""white_balance"": ""Auto"", ""metering_mode"": ""Multi-segment"", ""flash"": ""No Flash"", ""pageid"": ""285""}"
37161907334|70202166@N00|285|Fujifilm X-E3|Fujifilm|70202166@N00_Fujifilm_2886e32b.json|"{""id"": ""37161907334"", ""owner"": ""70202166@N00"", ""title"": """", ""realname"": """", ""ownername"": ""黑麵之路‧不由分說"", ""datetaken"": ""2017-10-10 09:55:11"", ""max_width"": 1763, ""max_height"": 991, ""url_max"": ""https://live.staticflickr.com/4467/37161907334_111677454d_o.jpg"", ""max_width_2000"": 1763, ""max_height_2000"": 991, ""url_max_2000"": ""https://live.staticflickr.com/4467/37161907334_111677454d_o.jpg"", ""flickr_page"": ""https://www.flickr.com/photos/70202166@N00/37161907334"", ""camera"": ""Fujifilm X-E3"", ""create_date"": ""2017:10:10 09:55:11"", ""lens_model"": ""XF23mmF1.4 R"", ""iso"": ""200"", ""exposure_time"": ""1/100"", ""exposure_program"": ""Aperture-priority AE"", ""exposure_compensation"": ""0"", ""aperture"": ""1.4"", ""focal_length"": ""23.0 mm"", ""focal_length_in35mm"": ""35 mm"", ""white_balance"": ""Auto"", ""metering_mode"": ""Multi-segment"", ""flash"": ""No Flash"", ""pageid"": ""285""}"
37157011394|70202166@N00|286|Fujifilm X-E3|Fujifilm|70202166@N00_Fujifilm_2886e32b.json|"{""id"": ""37157011394"", ""owner"": ""70202166@N00"", ""title"": ""DSCF1382"", ""realname"": """", ""ownername"": ""黑麵之路‧不由分說"", ""datetaken"": ""2017-10-22 10:26:35"", ""max_width"": 6000, ""max_height"": 4000, ""url_max"": ""https://live.staticflickr.com/4490/37157011394_f5b29764c1_6k.jpg"", ""max_width_2000"": 1600, ""max_height_2000"": 1067, ""url_max_2000"": ""https://live.staticflickr.com/4490/37157011394_b231d528f2_h.jpg"", ""flickr_page"": ""https://www.flickr.com/photos/70202166@N00/37157011394"", ""camera"": ""Fujifilm X-E3"", ""create_date"": ""2017:10:22 10:26:35"", ""lens_model"": ""XF35mmF1.4 R"", ""iso"": ""200"", ""exposure_time"": ""1/2900"", ""exposure_program"": ""Aperture-priority AE"", ""exposure_compensation"": ""+1"", ""aperture"": ""1.4"", ""focal_length"": ""35.0 mm"", ""focal_length_in35mm"": ""53 mm"", ""white_balance"": ""Auto"", ""metering_mode"": ""Multi-segment"", ""flash"": ""No Flash"", ""pageid"": ""286""}"
37157007604|70202166@N00|286|Fujifilm X-E3|Fujifilm|70202166@N00_Fujifilm_2886e32b.json|"{""id"": ""37157007604"", ""owner"": ""70202166@N00"", ""title"": ""DSCF0880"", ""realname"": """", ""ownername"": ""黑麵之路‧不由分說"", ""datetaken"": ""2017-10-22 09:01:55"", ""max_width"": 4000, ""max_height"": 6000, ""url_max"": ""https://live.staticflickr.com/4479/37157007604_fc4066b44b_6k.jpg"", ""max_width_2000"": 1365, ""max_height_2000"": 2048, ""url_max_2000"": ""https://live.staticflickr.com/4479/37157007604_1e65e74dec_k.jpg"", ""flickr_page"": ""https://www.flickr.com/photos/70202166@N00/37157007604"", ""camera"": ""Fujifilm X-E3"", ""create_date"": ""2017:10:22 09:01:55"", ""lens_model"": ""XF90mmF2 R LM WR"", ""iso"": ""200"", ""exposure_time"": ""1/340"", ""exposure_program"": ""Aperture-priority AE"", ""exposure_compensation"": ""+1.67"", ""aperture"": ""2.0"", ""focal_length"": ""90.0 mm"", ""focal_length_in35mm"": ""135 mm"", ""white_balance"": ""Auto"", ""metering_mode"": ""Multi-segment"", ""flash"": ""No Flash"", ""pageid"": ""286""}"
37157002974|70202166@N00|286|Fujifilm X-E3|Fujifilm|70202166@N00_Fujifilm_2886e32b.json|"{""id"": ""37157002974"", ""owner"": ""70202166@N00"", ""title"": ""DSCF1092"", ""realname"": """", ""ownername"": ""黑麵之路‧不由分說"", ""datetaken"": ""2017-10-22 09:41:26"", ""max_width"": 4000, ""max_height"": 6000, ""url_max"": ""https://live.staticflickr.com/4449/37157002974_b40fc0d724_6k.jpg"", ""max_width_2000"": 1365, ""max_height_2000"": 2048, ""url_max_2000"": ""https://live.staticflickr.com/4449/37157002974_eed7bb6df7_k.jpg"", ""flickr_page"": ""https://www.flickr.com/photos/70202166@N00/37157002974"", ""camera"": ""Fujifilm X-E3"", ""create_date"": ""2017:10:22 09:41:26"", ""lens_model"": ""XF35mmF1.4 R"", ""iso"": ""200"", ""exposure_time"": ""1/1250"", ""exposure_program"": ""Aperture-priority AE"", ""exposure_compensation"": ""+2"", ""aperture"": ""1.4"", ""focal_length"": ""35.0 mm"", ""focal_length_in35mm"": ""53 mm"", ""white_balance"": ""Auto"", ""metering_mode"": ""Multi-segment"", ""flash"": ""No Flash"", ""pageid"": ""286""}"
37722389821|70202166@N00|286|Fujifilm X-E3|Fujifilm|70202166@N00_Fujifilm_2886e32b.json|"{""id"": ""37722389821"", ""owner"": ""70202166@N00"", ""title"": """", ""realname"": """", ""ownername"": ""黑麵之路‧不由分說"", ""datetaken"": ""2017-10-15 18:10:09"", ""max_width"": 1776, ""max_height"": 1184, ""url_max"": ""https://live.staticflickr.com/4514/37722389821_5f1ef8b2b1_o.jpg"", ""max_width_2000"": 1776, ""max_height_2000"": 1184, ""url_max_2000"": ""https://live.staticflickr.com/4514/37722389821_5f1ef8b2b1_o.jpg"", ""flickr_page"": ""https://www.flickr.com/photos/70202166@N00/37722389821"", ""camera"": ""Fujifilm X-E3"", ""create_date"": ""2017:10:15 18:10:09"", ""lens_model"": ""XF23mmF1.4 R"", ""iso"": ""1600"", ""exposure_time"": ""1/38"", ""exposure_program"": ""Aperture-priority AE"", ""exposure_compensation"": ""0"", ""aperture"": ""4.0"", ""focal_length"": ""23.0 mm"", ""focal_length_in35mm"": ""35 mm"", ""white_balance"": ""Auto"", ""metering_mode"": ""Multi-segment"", ""flash"": ""No Flash"", ""pageid"": ""286""}"
37157004634|70202166@N00|286|Fujifilm X-E3|Fujifilm|70202166@N00_Fujifilm_2886e32b.json|"{""id"": ""37157004634"", ""owner"": ""70202166@N00"", ""title"": ""DSCF1057"", ""realname"": """", ""ownername"": ""黑麵之路‧不由分說"", ""datetaken"": ""2017-10-22 09:38:14"", ""max_width"": 4000, ""max_height"": 6000, ""url_max"": ""https://live.staticflickr.com/4482/37157004634_35cd8aa9e2_6k.jpg"", ""max_width_2000"": 1365, ""max_height_2000"": 2048, ""url_max_2000"": ""https://live.staticflickr.com/4482/37157004634_b3d8a2da19_k.jpg"", ""flickr_page"": ""https://www.flickr.com/photos/70202166@N00/37157004634"", ""camera"": ""Fujifilm X-E3"", ""create_date"": ""2017:10:22 09:38:14"", ""lens_model"": ""XF35mmF1.4 R"", ""iso"": ""200"", ""exposure_time"": ""1/640"", ""exposure_program"": ""Aperture-priority AE"", ""exposure_compensation"": ""+1.67"", ""aperture"": ""1.4"", ""focal_length"": ""35.0 mm"", ""focal_length_in35mm"": ""53 mm"", ""white_balance"": ""Auto"", ""metering_mode"": ""Multi-segment"", ""flash"": ""No Flash"", ""pageid"": ""286""}"
37157005914|70202166@N00|286|Fujifilm X-E3|Fujifilm|70202166@N00_Fujifilm_2886e32b.json|"{""id"": ""37157005914"", ""owner"": ""70202166@N00"", ""title"": ""DSCF0899"", ""realname"": """", ""ownername"": ""黑麵之路‧不由分說"", ""datetaken"": ""2017-10-22 09:09:15"", ""max_width"": 6000, ""max_height"": 4000, ""url_max"": ""https://live.staticflickr.com/4463/37157005914_2060d64ac8_6k.jpg"", ""max_width_2000"": 1600, ""max_height_2000"": 1067, ""url_max_2000"": ""https://live.staticflickr.com/4463/37157005914_4aee9c607a_h.jpg"", ""flickr_page"": ""https://www.flickr.com/photos/70202166@N00/37157005914"", ""camera"": ""Fujifilm X-E3"", ""create_date"": ""2017:10:22 09:09:15"", ""lens_model"": ""XF90mmF2 R LM WR"", ""iso"": ""200"", ""exposure_time"": ""1/750"", ""exposure_program"": ""Aperture-priority AE"", ""exposure_compensation"": ""+1.67"", ""aperture"": ""2.0"", ""focal_length"": ""90.0 mm"", ""focal_length_in35mm"": ""135 mm"", ""white_balance"": ""Auto"", ""metering_mode"": ""Multi-segment"", ""flash"": ""No Flash"", ""pageid"": ""286""}"
37157009864|70202166@N00|286|Fujifilm X-E3|Fujifilm|70202166@N00_Fujifilm_2886e32b.json|"{""id"": ""37157009864"", ""owner"": ""70202166@N00"", ""title"": ""DSCF1716"", ""realname"": """", ""ownername"": ""黑麵之路‧不由分說"", ""datetaken"": ""2017-10-22 11:23:32"", ""max_width"": 4000, ""max_height"": 6000, ""url_max"": ""https://live.staticflickr.com/4459/37157009864_1dd00e8da2_6k.jpg"", ""max_width_2000"": 1365, ""max_height_2000"": 2048, ""url_max_2000"": ""https://live.staticflickr.com/4459/37157009864_d7a63d5334_k.jpg"", ""flickr_page"": ""https://www.flickr.com/photos/70202166@N00/37157009864"", ""camera"": ""Fujifilm X-E3"", ""create_date"": ""2017:10:22 11:23:32"", ""lens_model"": ""XF90mmF2 R LM WR"", ""iso"": ""200"", ""exposure_time"": ""1/1100"", ""exposure_program"": ""Aperture-priority AE"", ""exposure_compensation"": ""+1.33"", ""aperture"": ""2.0"", ""focal_length"": ""90.0 mm"", ""focal_length_in35mm"": ""135 mm"", ""white_balance"": ""Auto"", ""metering_mode"": ""Multi-segment"", ""flash"": ""No Flash"", ""pageid"": ""286""}"
37835521482|70202166@N00|286|Fujifilm X-E3|Fujifilm|70202166@N00_Fujifilm_2886e32b.json|"{""id"": ""37835521482"", ""owner"": ""70202166@N00"", ""title"": ""DSCF1106"", ""realname"": """", ""ownername"": ""黑麵之路‧不由分說"", ""datetaken"": ""2017-10-22 09:50:25"", ""max_width"": 6000, ""max_height"": 4000, ""url_max"": ""https://live.staticflickr.com/4486/37835521482_c1e6aa3c43_6k.jpg"", ""max_width_2000"": 1600, ""max_height_2000"": 1067, ""url_max_2000"": ""https://live.staticflickr.com/4486/37835521482_a524fb4194_h.jpg"", ""flickr_page"": ""https://www.flickr.com/photos/70202166@N00/37835521482"", ""camera"": ""Fujifilm X-E3"", ""create_date"": ""2017:10:22 09:50:25"", ""lens_model"": ""XF35mmF1.4 R"", ""iso"": ""200"", ""exposure_time"": ""1/350"", ""exposure_program"": ""Aperture-priority AE"", ""exposure_compensation"": ""+1.67"", ""aperture"": ""1.4"", ""focal_length"": ""35.0 mm"", ""focal_length_in35mm"": ""53 mm"", ""white_balance"": ""Auto"", ""metering_mode"": ""Multi-segment"", ""flash"": ""No Flash"", ""pageid"": ""286""}"
37464834990|70202166@N00|286|Fujifilm X-E3|Fujifilm|70202166@N00_Fujifilm_2886e32b.json|"{""id"": ""37464834990"", ""owner"": ""70202166@N00"", ""title"": """", ""realname"": """", ""ownername"": ""黑麵之路‧不由分說"", ""datetaken"": ""2017-10-15 18:09:40"", ""max_width"": 1776, ""max_height"": 1184, ""url_max"": ""https://live.staticflickr.com/4473/37464834990_d6241a3005_o.jpg"", ""max_width_2000"": 1776, ""max_height_2000"": 1184, ""url_max_2000"": ""https://live.staticflickr.com/4473/37464834990_d6241a3005_o.jpg"", ""flickr_page"": ""https://www.flickr.com/photos/70202166@N00/37464834990"", ""camera"": ""Fujifilm X-E3"", ""create_date"": ""2017:10:15 18:09:40"", ""lens_model"": ""XF23mmF1.4 R"", ""iso"": ""1600"", ""exposure_time"": ""1/52"", ""exposure_program"": ""Aperture-priority AE"", ""exposure_compensation"": ""-0.33"", ""aperture"": ""4.0"", ""focal_length"": ""23.0 mm"", ""focal_length_in35mm"": ""35 mm"", ""white_balance"": ""Auto"", ""metering_mode"": ""Multi-segment"", ""flash"": ""No Flash"", ""pageid"": ""286""}"
36781249594|70202166@N00|286|Fujifilm X-E3|Fujifilm|70202166@N00_Fujifilm_2886e32b.json|"{""id"": ""36781249594"", ""owner"": ""70202166@N00"", ""title"": ""DSCF0323"", ""realname"": """", ""ownername"": ""黑麵之路‧不由分說"", ""datetaken"": ""2017-10-03 14:26:53"", ""max_width"": 4000, ""max_height"": 6000, ""url_max"": ""https://live.staticflickr.com/4446/36781249594_25a5b8f15e_6k.jpg"", ""max_width_2000"": 1365, ""max_height_2000"": 2048, ""url_max_2000"": ""https://live.staticflickr.com/4446/36781249594_52f5447b87_k.jpg"", ""flickr_page"": ""https://www.flickr.com/photos/70202166@N00/36781249594"", ""camera"": ""Fujifilm X-E3"", ""create_date"": ""2017:10:03 14:26:53"", ""lens_model"": ""XF23mmF1.4 R"", ""iso"": ""200"", ""exposure_time"": ""1/180"", ""exposure_program"": ""Manual"", ""exposure_compensation"": ""0"", ""aperture"": ""2.8"", ""focal_length"": ""23.0 mm"", ""focal_length_in35mm"": ""35 mm"", ""white_balance"": ""Auto"", ""metering_mode"": ""Multi-segment"", ""flash"": ""No Flash"", ""pageid"": ""286""}"
37690366512|70202166@N00|286|Fujifilm X-E3|Fujifilm|70202166@N00_Fujifilm_2886e32b.json|"{""id"": ""37690366512"", ""owner"": ""70202166@N00"", ""title"": """", ""realname"": """", ""ownername"": ""黑麵之路‧不由分說"", ""datetaken"": ""2017-10-15 17:39:42"", ""max_width"": 1776, ""max_height"": 1184, ""url_max"": ""https://live.staticflickr.com/4460/37690366512_b05a8fd5a9_o.jpg"", ""max_width_2000"": 1776, ""max_height_2000"": 1184, ""url_max_2000"": ""https://live.staticflickr.com/4460/37690366512_b05a8fd5a9_o.jpg"", ""flickr_page"": ""https://www.flickr.com/photos/70202166@N00/37690366512"", ""camera"": ""Fujifilm X-E3"", ""create_date"": ""2017:10:15 17:39:42"", ""lens_model"": ""XF23mmF1.4 R"", ""iso"": ""1600"", ""exposure_time"": ""1/400"", ""exposure_program"": ""Aperture-priority AE"", ""exposure_compensation"": ""0"", ""aperture"": ""1.4"", ""focal_length"": ""23.0 mm"", ""focal_length_in35mm"": ""35 mm"", ""white_balance"": ""Auto"", ""metering_mode"": ""Multi-segment"", ""flash"": ""No Flash"", ""pageid"": ""286""}"
37443105236|70202166@N00|286|Fujifilm X-E3|Fujifilm|70202166@N00_Fujifilm_2886e32b.json|"{""id"": ""37443105236"", ""owner"": ""70202166@N00"", ""title"": ""DSCF0223"", ""realname"": """", ""ownername"": ""黑麵之路‧不由分說"", ""datetaken"": ""2017-10-03 14:07:09"", ""max_width"": 4000, ""max_height"": 6000, ""url_max"": ""https://live.staticflickr.com/4514/37443105236_16874d64b4_6k.jpg"", ""max_width_2000"": 1365, ""max_height_2000"": 2048, ""url_max_2000"": ""https://live.staticflickr.com/4514/37443105236_b0f5034a58_k.jpg"", ""flickr_page"": ""https://www.flickr.com/photos/70202166@N00/37443105236"", ""camera"": ""Fujifilm X-E3"", ""create_date"": ""2017:10:03 14:07:09"", ""lens_model"": ""XF23mmF1.4 R"", ""iso"": ""200"", ""exposure_time"": ""1/180"", ""exposure_program"": ""Manual"", ""exposure_compensation"": ""0"", ""aperture"": ""4.0"", ""focal_length"": ""23.0 mm"", ""focal_length_in35mm"": ""35 mm"", ""white_balance"": ""Auto"", ""metering_mode"": ""Multi-segment"", ""flash"": ""No Flash"", ""pageid"": ""286""}"
37012899704|70202166@N00|286|Fujifilm X-E3|Fujifilm|70202166@N00_Fujifilm_2886e32b.json|"{""id"": ""37012899704"", ""owner"": ""70202166@N00"", ""title"": """", ""realname"": """", ""ownername"": ""黑麵之路‧不由分說"", ""datetaken"": ""2017-10-15 18:27:08"", ""max_width"": 1776, ""max_height"": 1184, ""url_max"": ""https://live.staticflickr.com/4498/37012899704_1b71c877b9_o.jpg"", ""max_width_2000"": 1776, ""max_height_2000"": 1184, ""url_max_2000"": ""https://live.staticflickr.com/4498/37012899704_1b71c877b9_o.jpg"", ""flickr_page"": ""https://www.flickr.com/photos/70202166@N00/37012899704"", ""camera"": ""Fujifilm X-E3"", ""create_date"": ""2017:10:15 18:27:08"", ""lens_model"": ""XF23mmF1.4 R"", ""iso"": ""1600"", ""exposure_time"": ""1/56"", ""exposure_program"": ""Aperture-priority AE"", ""exposure_compensation"": ""+0.33"", ""aperture"": ""4.0"", ""focal_length"": ""23.0 mm"", ""focal_length_in35mm"": ""35 mm"", ""white_balance"": ""Auto"", ""metering_mode"": ""Multi-segment"", ""flash"": ""No Flash"", ""pageid"": ""286""}"
37674270766|70202166@N00|286|Fujifilm X-E3|Fujifilm|70202166@N00_Fujifilm_2886e32b.json|"{""id"": ""37674270766"", ""owner"": ""70202166@N00"", ""title"": """", ""realname"": """", ""ownername"": ""黑麵之路‧不由分說"", ""datetaken"": ""2017-10-15 17:15:37"", ""max_width"": 1776, ""max_height"": 1184, ""url_max"": ""https://live.staticflickr.com/4511/37674270766_926da7b791_o.jpg"", ""max_width_2000"": 1776, ""max_height_2000"": 1184, ""url_max_2000"": ""https://live.staticflickr.com/4511/37674270766_926da7b791_o.jpg"", ""flickr_page"": ""https://www.flickr.com/photos/70202166@N00/37674270766"", ""camera"": ""Fujifilm X-E3"", ""create_date"": ""2017:10:15 17:15:37"", ""lens_model"": ""XF23mmF1.4 R"", ""iso"": ""1600"", ""exposure_time"": ""1/105"", ""exposure_program"": ""Aperture-priority AE"", ""exposure_compensation"": ""0"", ""aperture"": ""2.8"", ""focal_length"": ""23.0 mm"", ""focal_length_in35mm"": ""35 mm"", ""white_balance"": ""Auto"", ""metering_mode"": ""Multi-segment"", ""flash"": ""No Flash"", ""pageid"": ""286""}"
37464834870|70202166@N00|286|Fujifilm X-E3|Fujifilm|70202166@N00_Fujifilm_2886e32b.json|"{""id"": ""37464834870"", ""owner"": ""70202166@N00"", ""title"": """", ""realname"": """", ""ownername"": ""黑麵之路‧不由分說"", ""datetaken"": ""2017-10-15 17:10:53"", ""max_width"": 1776, ""max_height"": 1184, ""url_max"": ""https://live.staticflickr.com/4501/37464834870_f42215de08_o.jpg"", ""max_width_2000"": 1776, ""max_height_2000"": 1184, ""url_max_2000"": ""https://live.staticflickr.com/4501/37464834870_f42215de08_o.jpg"", ""flickr_page"": ""https://www.flickr.com/photos/70202166@N00/37464834870"", ""camera"": ""Fujifilm X-E3"", ""create_date"": ""2017:10:15 17:10:53"", ""lens_model"": ""XF23mmF1.4 R"", ""iso"": ""1600"", ""exposure_time"": ""1/45"", ""exposure_program"": ""Aperture-priority AE"", ""exposure_compensation"": ""0"", ""aperture"": ""2.8"", ""focal_length"": ""23.0 mm"", ""focal_length_in35mm"": ""35 mm"", ""white_balance"": ""Auto"", ""metering_mode"": ""Multi-segment"", ""flash"": ""No Flash"", ""pageid"": ""286""}"
37674270646|70202166@N00|286|Fujifilm X-E3|Fujifilm|70202166@N00_Fujifilm_2886e32b.json|"{""id"": ""37674270646"", ""owner"": ""70202166@N00"", ""title"": """", ""realname"": """", ""ownername"": ""黑麵之路‧不由分說"", ""datetaken"": ""2017-10-15 17:38:12"", ""max_width"": 1776, ""max_height"": 1184, ""url_max"": ""https://live.staticflickr.com/4510/37674270646_791b0d061c_o.jpg"", ""max_width_2000"": 1776, ""max_height_2000"": 1184, ""url_max_2000"": ""https://live.staticflickr.com/4510/37674270646_791b0d061c_o.jpg"", ""flickr_page"": ""https://www.flickr.com/photos/70202166@N00/37674270646"", ""camera"": ""Fujifilm X-E3"", ""create_date"": ""2017:10:15 17:38:12"", ""lens_model"": ""XF23mmF1.4 R"", ""iso"": ""1600"", ""exposure_time"": ""1/160"", ""exposure_program"": ""Aperture-priority AE"", ""exposure_compensation"": ""0"", ""aperture"": ""2.8"", ""focal_length"": ""23.0 mm"", ""focal_length_in35mm"": ""35 mm"", ""white_balance"": ""Auto"", ""metering_mode"": ""Multi-segment"", ""flash"": ""No Flash"", ""pageid"": ""286""}"
37459872622|70202166@N00|286|Fujifilm X-E3|Fujifilm|70202166@N00_Fujifilm_2886e32b.json|"{""id"": ""37459872622"", ""owner"": ""70202166@N00"", ""title"": ""DSCF0194"", ""realname"": """", ""ownername"": ""黑麵之路‧不由分說"", ""datetaken"": ""2017-10-03 14:03:45"", ""max_width"": 4000, ""max_height"": 6000, ""url_max"": ""https://live.staticflickr.com/4495/37459872622_8edace2207_6k.jpg"", ""max_width_2000"": 1365, ""max_height_2000"": 2048, ""url_max_2000"": ""https://live.staticflickr.com/4495/37459872622_a0dfd92bad_k.jpg"", ""flickr_page"": ""https://www.flickr.com/photos/70202166@N00/37459872622"", ""camera"": ""Fujifilm X-E3"", ""create_date"": ""2017:10:03 14:03:45"", ""lens_model"": ""XF23mmF1.4 R"", ""iso"": ""200"", ""exposure_time"": ""1/180"", ""exposure_program"": ""Manual"", ""exposure_compensation"": ""0"", ""aperture"": ""4.0"", ""focal_length"": ""23.0 mm"", ""focal_length_in35mm"": ""35 mm"", ""white_balance"": ""Auto"", ""metering_mode"": ""Multi-segment"", ""flash"": ""No Flash"", ""pageid"": ""286""}"
37459873242|70202166@N00|286|Fujifilm X-E3|Fujifilm|70202166@N00_Fujifilm_2886e32b.json|"{""id"": ""37459873242"", ""owner"": ""70202166@N00"", ""title"": ""DSCF0136"", ""realname"": """", ""ownername"": ""黑麵之路‧不由分說"", ""datetaken"": ""2017-10-03 13:38:11"", ""max_width"": 4000, ""max_height"": 6000, ""url_max"": ""https://live.staticflickr.com/4479/37459873242_0416ac17d7_6k.jpg"", ""max_width_2000"": 1365, ""max_height_2000"": 2048, ""url_max_2000"": ""https://live.staticflickr.com/4479/37459873242_c02de3d0cc_k.jpg"", ""flickr_page"": ""https://www.flickr.com/photos/70202166@N00/37459873242"", ""camera"": ""Fujifilm X-E3"", ""create_date"": ""2017:10:03 13:38:11"", ""lens_model"": ""XF23mmF1.4 R"", ""iso"": ""200"", ""exposure_time"": ""1/180"", ""exposure_program"": ""Manual"", ""exposure_compensation"": ""0"", ""aperture"": ""4.0"", ""focal_length"": ""23.0 mm"", ""focal_length_in35mm"": ""35 mm"", ""white_balance"": ""Auto"", ""metering_mode"": ""Multi-segment"", ""flash"": ""No Flash"", ""pageid"": ""286""}"
37459874012|70202166@N00|286|Fujifilm X-E3|Fujifilm|70202166@N00_Fujifilm_2886e32b.json|"{""id"": ""37459874012"", ""owner"": ""70202166@N00"", ""title"": ""DSCF0360"", ""realname"": """", ""ownername"": ""黑麵之路‧不由分說"", ""datetaken"": ""2017-10-03 14:45:00"", ""max_width"": 4000, ""max_height"": 6000, ""url_max"": ""https://live.staticflickr.com/4444/37459874012_0eb0a97d88_6k.jpg"", ""max_width_2000"": 1365, ""max_height_2000"": 2048, ""url_max_2000"": ""https://live.staticflickr.com/4444/37459874012_8019ea9c9d_k.jpg"", ""flickr_page"": ""https://www.flickr.com/photos/70202166@N00/37459874012"", ""camera"": ""Fujifilm X-E3"", ""create_date"": ""2017:10:03 14:45:00"", ""lens_model"": ""XF23mmF1.4 R"", ""iso"": ""200"", ""exposure_time"": ""1/180"", ""exposure_program"": ""Manual"", ""exposure_compensation"": ""0"", ""aperture"": ""3.6"", ""focal_length"": ""23.0 mm"", ""focal_length_in35mm"": ""35 mm"", ""white_balance"": ""Auto"", ""metering_mode"": ""Multi-segment"", ""flash"": ""No Flash"", ""pageid"": ""286""}"
37136281285|70202166@N00|286|Fujifilm GFX 50S|Fujifilm|70202166@N00_Fujifilm_2886e32b.json|"{""id"": ""37136281285"", ""owner"": ""70202166@N00"", ""title"": ""DSCF7366"", ""realname"": """", ""ownername"": ""黑麵之路‧不由分說"", ""datetaken"": ""2017-09-08 13:47:01"", ""max_width"": 8256, ""max_height"": 6192, ""url_max"": ""https://live.staticflickr.com/4433/37136281285_8b1ab0a3b7_o.jpg"", ""max_width_2000"": 1600, ""max_height_2000"": 1200, ""url_max_2000"": ""https://live.staticflickr.com/4433/37136281285_2dc3065a4a_h.jpg"", ""flickr_page"": ""https://www.flickr.com/photos/70202166@N00/37136281285"", ""camera"": ""Fujifilm GFX 50S"", ""create_date"": ""2017:09:08 13:47:01"", ""lens_model"": ""GF32-64mmF4 R LM WR"", ""iso"": ""100"", ""exposure_time"": ""1/900"", ""exposure_program"": ""Aperture-priority AE"", ""exposure_compensation"": ""+0.33"", ""aperture"": ""4.0"", ""focal_length"": ""38.2 mm"", ""focal_length_in35mm"": ""30 mm"", ""white_balance"": ""Auto"", ""metering_mode"": ""Multi-segment"", ""flash"": ""No Flash"", ""pageid"": ""286""}"
36964821092|70202166@N00|287|Fujifilm GFX 50S|Fujifilm|70202166@N00_Fujifilm_2886e32b.json|"{""id"": ""36964821092"", ""owner"": ""70202166@N00"", ""title"": ""DSCF7347"", ""realname"": """", ""ownername"": ""黑麵之路‧不由分說"", ""datetaken"": ""2017-09-08 13:37:29"", ""max_width"": 6192, ""max_height"": 8256, ""url_max"": ""https://live.staticflickr.com/4392/36964821092_fde901269b_o.jpg"", ""max_width_2000"": 1536, ""max_height_2000"": 2048, ""url_max_2000"": ""https://live.staticflickr.com/4392/36964821092_497a7b4757_k.jpg"", ""flickr_page"": ""https://www.flickr.com/photos/70202166@N00/36964821092"", ""camera"": ""Fujifilm GFX 50S"", ""create_date"": ""2017:09:08 13:37:29"", ""lens_model"": ""GF32-64mmF4 R LM WR"", ""iso"": ""100"", ""exposure_time"": ""1/70"", ""exposure_program"": ""Aperture-priority AE"", ""exposure_compensation"": ""0"", ""aperture"": ""16.0"", ""focal_length"": ""32.0 mm"", ""focal_length_in35mm"": ""25 mm"", ""white_balance"": ""Auto"", ""metering_mode"": ""Multi-segment"", ""flash"": ""No Flash"", ""pageid"": ""287""}"
36964819142|70202166@N00|287|Fujifilm GFX 50S|Fujifilm|70202166@N00_Fujifilm_2886e32b.json|"{""id"": ""36964819142"", ""owner"": ""70202166@N00"", ""title"": ""DSCF7350"", ""realname"": """", ""ownername"": ""黑麵之路‧不由分說"", ""datetaken"": ""2017-09-08 13:37:46"", ""max_width"": 8256, ""max_height"": 6192, ""url_max"": ""https://live.staticflickr.com/4385/36964819142_885700a81d_o.jpg"", ""max_width_2000"": 1600, ""max_height_2000"": 1200, ""url_max_2000"": ""https://live.staticflickr.com/4385/36964819142_de5bfb637e_h.jpg"", ""flickr_page"": ""https://www.flickr.com/photos/70202166@N00/36964819142"", ""camera"": ""Fujifilm GFX 50S"", ""create_date"": ""2017:09:08 13:37:46"", ""lens_model"": ""GF32-64mmF4 R LM WR"", ""iso"": ""200"", ""exposure_time"": ""1/60"", ""exposure_program"": ""Aperture-priority AE"", ""exposure_compensation"": ""0"", ""aperture"": ""20.0"", ""focal_length"": ""32.0 mm"", ""focal_length_in35mm"": ""25 mm"", ""white_balance"": ""Auto"", ""metering_mode"": ""Multi-segment"", ""flash"": ""No Flash"", ""pageid"": ""287""}"
36300070634|70202166@N00|287|Fujifilm GFX 50S|Fujifilm|70202166@N00_Fujifilm_2886e32b.json|"{""id"": ""36300070634"", ""owner"": ""70202166@N00"", ""title"": ""DSCF7355"", ""realname"": """", ""ownername"": ""黑麵之路‧不由分說"", ""datetaken"": ""2017-09-08 13:41:33"", ""max_width"": 8256, ""max_height"": 6192, ""url_max"": ""https://live.staticflickr.com/4432/36300070634_67e03615de_o.jpg"", ""max_width_2000"": 1600, ""max_height_2000"": 1200, ""url_max_2000"": ""https://live.staticflickr.com/4432/36300070634_21188a98d3_h.jpg"", ""flickr_page"": ""https://www.flickr.com/photos/70202166@N00/36300070634"", ""camera"": ""Fujifilm GFX 50S"", ""create_date"": ""2017:09:08 13:41:33"", ""lens_model"": ""GF32-64mmF4 R LM WR"", ""iso"": ""100"", ""exposure_time"": ""1/125"", ""exposure_program"": ""Manual"", ""exposure_compensation"": ""0"", ""aperture"": ""8.0"", ""focal_length"": ""32.0 mm"", ""focal_length_in35mm"": ""25 mm"", ""white_balance"": ""Auto"", ""metering_mode"": ""Multi-segment"", ""flash"": ""No Flash"", ""pageid"": ""287""}"
36964825702|70202166@N00|287|Fujifilm GFX 50S|Fujifilm|70202166@N00_Fujifilm_2886e32b.json|"{""id"": ""36964825702"", ""owner"": ""70202166@N00"", ""title"": ""DSCF7341"", ""realname"": """", ""ownername"": ""黑麵之路‧不由分說"", ""datetaken"": ""2017-09-08 13:32:09"", ""max_width"": 6192, ""max_height"": 8256, ""url_max"": ""https://live.staticflickr.com/4345/36964825702_70f9582425_o.jpg"", ""max_width_2000"": 1536, ""max_height_2000"": 2048, ""url_max_2000"": ""https://live.staticflickr.com/4345/36964825702_ca8b20d0c2_k.jpg"", ""flickr_page"": ""https://www.flickr.com/photos/70202166@N00/36964825702"", ""camera"": ""Fujifilm GFX 50S"", ""create_date"": ""2017:09:08 13:32:09"", ""lens_model"": ""GF32-64mmF4 R LM WR"", ""iso"": ""100"", ""exposure_time"": ""1/180"", ""exposure_program"": ""Aperture-priority AE"", ""exposure_compensation"": ""+1"", ""aperture"": ""4.0"", ""focal_length"": ""39.6 mm"", ""focal_length_in35mm"": ""31 mm"", ""white_balance"": ""Auto"", ""metering_mode"": ""Multi-segment"", ""flash"": ""No Flash"", ""pageid"": ""287""}"
37136285135|70202166@N00|287|Fujifilm GFX 50S|Fujifilm|70202166@N00_Fujifilm_2886e32b.json|"{""id"": ""37136285135"", ""owner"": ""70202166@N00"", ""title"": ""DSCF7362"", ""realname"": """", ""ownername"": ""黑麵之路‧不由分說"", ""datetaken"": ""2017-09-08 13:43:52"", ""max_width"": 8256, ""max_height"": 6192, ""url_max"": ""https://live.staticflickr.com/4358/37136285135_cc333101dc_o.jpg"", ""max_width_2000"": 1600, ""max_height_2000"": 1200, ""url_max_2000"": ""https://live.staticflickr.com/4358/37136285135_ccfa964d52_h.jpg"", ""flickr_page"": ""https://www.flickr.com/photos/70202166@N00/37136285135"", ""camera"": ""Fujifilm GFX 50S"", ""create_date"": ""2017:09:08 13:43:52"", ""lens_model"": ""GF32-64mmF4 R LM WR"", ""iso"": ""100"", ""exposure_time"": ""1/950"", ""exposure_program"": ""Aperture-priority AE"", ""exposure_compensation"": ""-0.67"", ""aperture"": ""4.0"", ""focal_length"": ""32.0 mm"", ""focal_length_in35mm"": ""25 mm"", ""white_balance"": ""Auto"", ""metering_mode"": ""Multi-segment"", ""flash"": ""No Flash"", ""pageid"": ""287""}"
36964823642|70202166@N00|287|Fujifilm GFX 50S|Fujifilm|70202166@N00_Fujifilm_2886e32b.json|"{""id"": ""36964823642"", ""owner"": ""70202166@N00"", ""title"": ""DSCF7342"", ""realname"": """", ""ownername"": ""黑麵之路‧不由分說"", ""datetaken"": ""2017-09-08 13:37:10"", ""max_width"": 6192, ""max_height"": 8256, ""url_max"": ""https://live.staticflickr.com/4394/36964823642_9b758002fc_o.jpg"", ""max_width_2000"": 1536, ""max_height_2000"": 2048, ""url_max_2000"": ""https://live.staticflickr.com/4394/36964823642_6153c17def_k.jpg"", ""flickr_page"": ""https://www.flickr.com/photos/70202166@N00/36964823642"", ""camera"": ""Fujifilm GFX 50S"", ""create_date"": ""2017:09:08 13:37:10"", ""lens_model"": ""GF32-64mmF4 R LM WR"", ""iso"": ""100"", ""exposure_time"": ""1/350"", ""exposure_program"": ""Aperture-priority AE"", ""exposure_compensation"": ""-0.67"", ""aperture"": ""8.0"", ""focal_length"": ""32.0 mm"", ""focal_length_in35mm"": ""25 mm"", ""white_balance"": ""Auto"", ""metering_mode"": ""Multi-segment"", ""flash"": ""No Flash"", ""pageid"": ""287""}"
37136283385|70202166@N00|287|Fujifilm GFX 50S|Fujifilm|70202166@N00_Fujifilm_2886e32b.json|"{""id"": ""37136283385"", ""owner"": ""70202166@N00"", ""title"": ""DSCF7364"", ""realname"": """", ""ownername"": ""黑麵之路‧不由分說"", ""datetaken"": ""2017-09-08 13:46:28"", ""max_width"": 6192, ""max_height"": 8256, ""url_max"": ""https://live.staticflickr.com/4401/37136283385_87a3a83c62_o.jpg"", ""max_width_2000"": 1536, ""max_height_2000"": 2048, ""url_max_2000"": ""https://live.staticflickr.com/4401/37136283385_3ec2bcf80c_k.jpg"", ""flickr_page"": ""https://www.flickr.com/photos/70202166@N00/37136283385"", ""camera"": ""Fujifilm GFX 50S"", ""create_date"": ""2017:09:08 13:46:28"", ""lens_model"": ""GF32-64mmF4 R LM WR"", ""iso"": ""100"", ""exposure_time"": ""1/1100"", ""exposure_program"": ""Aperture-priority AE"", ""exposure_compensation"": ""-0.67"", ""aperture"": ""4.0"", ""focal_length"": ""64.0 mm"", ""focal_length_in35mm"": ""51 mm"", ""white_balance"": ""Auto"", ""metering_mode"": ""Multi-segment"", ""flash"": ""No Flash"", ""pageid"": ""287""}"
36964828912|70202166@N00|287|Fujifilm GFX 50S|Fujifilm|70202166@N00_Fujifilm_2886e32b.json|"{""id"": ""36964828912"", ""owner"": ""70202166@N00"", ""title"": ""DSCF7370"", ""realname"": """", ""ownername"": ""黑麵之路‧不由分說"", ""datetaken"": ""2017-09-08 13:53:41"", ""max_width"": 8256, ""max_height"": 6192, ""url_max"": ""https://live.staticflickr.com/4409/36964828912_42deb9d176_o.jpg"", ""max_width_2000"": 1600, ""max_height_2000"": 1200, ""url_max_2000"": ""https://live.staticflickr.com/4409/36964828912_c841350adc_h.jpg"", ""flickr_page"": ""https://www.flickr.com/photos/70202166@N00/36964828912"", ""camera"": ""Fujifilm GFX 50S"", ""create_date"": ""2017:09:08 13:53:41"", ""lens_model"": ""GF32-64mmF4 R LM WR"", ""iso"": ""100"", ""exposure_time"": ""1/320"", ""exposure_program"": ""Aperture-priority AE"", ""exposure_compensation"": ""0"", ""aperture"": ""9.0"", ""focal_length"": ""47.3 mm"", ""focal_length_in35mm"": ""37 mm"", ""white_balance"": ""Auto"", ""metering_mode"": ""Multi-segment"", ""flash"": ""No Flash"", ""pageid"": ""287""}"
37136288605|70202166@N00|287|Fujifilm GFX 50S|Fujifilm|70202166@N00_Fujifilm_2886e32b.json|"{""id"": ""37136288605"", ""owner"": ""70202166@N00"", ""title"": ""DSCF7353"", ""realname"": """", ""ownername"": ""黑麵之路‧不由分說"", ""datetaken"": ""2017-09-08 13:40:08"", ""max_width"": 8256, ""max_height"": 6192, ""url_max"": ""https://live.staticflickr.com/4351/37136288605_7f5d6fd5a2_o.jpg"", ""max_width_2000"": 1600, ""max_height_2000"": 1200, ""url_max_2000"": ""https://live.staticflickr.com/4351/37136288605_d75941c2fc_h.jpg"", ""flickr_page"": ""https://www.flickr.com/photos/70202166@N00/37136288605"", ""camera"": ""Fujifilm GFX 50S"", ""create_date"": ""2017:09:08 13:40:08"", ""lens_model"": ""GF32-64mmF4 R LM WR"", ""iso"": ""100"", ""exposure_time"": ""1/200"", ""exposure_program"": ""Aperture-priority AE"", ""exposure_compensation"": ""0"", ""aperture"": ""8.0"", ""focal_length"": ""32.0 mm"", ""focal_length_in35mm"": ""25 mm"", ""white_balance"": ""Auto"", ""metering_mode"": ""Multi-segment"", ""flash"": ""No Flash"", ""pageid"": ""287""}"
36807867276|70202166@N00|287|Fujifilm GFX 50S|Fujifilm|70202166@N00_Fujifilm_2886e32b.json|"{""id"": ""36807867276"", ""owner"": ""70202166@N00"", ""title"": ""DSCF6913"", ""realname"": """", ""ownername"": ""黑麵之路‧不由分說"", ""datetaken"": ""2017-08-28 07:41:20"", ""max_width"": 8256, ""max_height"": 6192, ""url_max"": ""https://live.staticflickr.com/4366/36807867276_2026ec09c2_o.jpg"", ""max_width_2000"": 1600, ""max_height_2000"": 1200, ""url_max_2000"": ""https://live.staticflickr.com/4366/36807867276_42f3d84ec1_h.jpg"", ""flickr_page"": ""https://www.flickr.com/photos/70202166@N00/36807867276"", ""camera"": ""Fujifilm GFX 50S"", ""create_date"": ""2017:08:28 07:41:20"", ""lens_model"": ""GF110mmF2 R LM WR"", ""iso"": ""100"", ""exposure_time"": ""1/1100"", ""exposure_program"": ""Aperture-priority AE"", ""exposure_compensation"": ""+1"", ""aperture"": ""2.0"", ""focal_length"": ""110.0 mm"", ""focal_length_in35mm"": ""87 mm"", ""white_balance"": ""Auto"", ""metering_mode"": ""Multi-segment"", ""flash"": ""No Flash"", ""pageid"": ""287""}"
36855414851|70202166@N00|287|Fujifilm GFX 50S|Fujifilm|70202166@N00_Fujifilm_2886e32b.json|"{""id"": ""36855414851"", ""owner"": ""70202166@N00"", ""title"": ""DSCF6732"", ""realname"": """", ""ownername"": ""黑麵之路‧不由分說"", ""datetaken"": ""2017-08-27 17:34:50"", ""max_width"": 8256, ""max_height"": 6192, ""url_max"": ""https://live.staticflickr.com/4434/36855414851_c160ab1f88_o.jpg"", ""max_width_2000"": 1600, ""max_height_2000"": 1200, ""url_max_2000"": ""https://live.staticflickr.com/4434/36855414851_9add077b29_h.jpg"", ""flickr_page"": ""https://www.flickr.com/photos/70202166@N00/36855414851"", ""camera"": ""Fujifilm GFX 50S"", ""create_date"": ""2017:08:27 17:34:50"", ""lens_model"": ""GF110mmF2 R LM WR"", ""iso"": ""100"", ""exposure_time"": ""1/340"", ""exposure_program"": ""Aperture-priority AE"", ""exposure_compensation"": ""+1"", ""aperture"": ""2.0"", ""focal_length"": ""110.0 mm"", ""focal_length_in35mm"": ""87 mm"", ""white_balance"": ""Auto"", ""metering_mode"": ""Multi-segment"", ""flash"": ""No Flash"", ""pageid"": ""287""}"
36855415661|70202166@N00|287|Fujifilm GFX 50S|Fujifilm|70202166@N00_Fujifilm_2886e32b.json|"{""id"": ""36855415661"", ""owner"": ""70202166@N00"", ""title"": ""DSCF6847"", ""realname"": """", ""ownername"": ""黑麵之路‧不由分說"", ""datetaken"": ""2017-08-28 07:21:18"", ""max_width"": 8256, ""max_height"": 6192, ""url_max"": ""https://live.staticflickr.com/4333/36855415661_4909963b68_o.jpg"", ""max_width_2000"": 1536, ""max_height_2000"": 2048, ""url_max_2000"": ""https://live.staticflickr.com/4333/36855415661_d6f2d6df62_k.jpg"", ""flickr_page"": ""https://www.flickr.com/photos/70202166@N00/36855415661"", ""camera"": ""Fujifilm GFX 50S"", ""create_date"": ""2017:08:28 07:21:18"", ""lens_model"": ""GF32-64mmF4 R LM WR"", ""iso"": ""100"", ""exposure_time"": ""1/220"", ""exposure_program"": ""Aperture-priority AE"", ""exposure_compensation"": ""+1.33"", ""aperture"": ""4.0"", ""focal_length"": ""64.0 mm"", ""focal_length_in35mm"": ""51 mm"", ""white_balance"": ""Auto"", ""metering_mode"": ""Multi-segment"", ""flash"": ""No Flash"", ""pageid"": ""287""}"
36715853162|70202166@N00|287|Fujifilm GFX 50S|Fujifilm|70202166@N00_Fujifilm_2886e32b.json|"{""id"": ""36715853162"", ""owner"": ""70202166@N00"", ""title"": """", ""realname"": """", ""ownername"": ""黑麵之路‧不由分說"", ""datetaken"": ""2017-08-27 17:34:50"", ""max_width"": 8256, ""max_height"": 6192, ""url_max"": ""https://live.staticflickr.com/4359/36715853162_630c4c2fbb_o.jpg"", ""max_width_2000"": 1600, ""max_height_2000"": 1200, ""url_max_2000"": ""https://live.staticflickr.com/4359/36715853162_19073adab1_h.jpg"", ""flickr_page"": ""https://www.flickr.com/photos/70202166@N00/36715853162"", ""camera"": ""Fujifilm GFX 50S"", ""create_date"": ""2017:08:27 17:34:50"", ""lens_model"": ""GF110mmF2 R LM WR"", ""iso"": ""100"", ""exposure_time"": ""1/340"", ""exposure_program"": ""Aperture-priority AE"", ""exposure_compensation"": ""+1"", ""aperture"": ""2.0"", ""focal_length"": ""110.0 mm"", ""focal_length_in35mm"": ""87 mm"", ""white_balance"": ""Auto"", ""metering_mode"": ""Multi-segment"", ""flash"": ""No Flash"", ""pageid"": ""287""}"
36078313803|70202166@N00|287|Fujifilm GFX 50S|Fujifilm|70202166@N00_Fujifilm_2886e32b.json|"{""id"": ""36078313803"", ""owner"": ""70202166@N00"", ""title"": """", ""realname"": """", ""ownername"": ""黑麵之路‧不由分說"", ""datetaken"": ""2017-08-27 17:40:28"", ""max_width"": 8256, ""max_height"": 6192, ""url_max"": ""https://live.staticflickr.com/4331/36078313803_74fd7fa21f_o.jpg"", ""max_width_2000"": 1600, ""max_height_2000"": 1200, ""url_max_2000"": ""https://live.staticflickr.com/4331/36078313803_3d96ec6eb7_h.jpg"", ""flickr_page"": ""https://www.flickr.com/photos/70202166@N00/36078313803"", ""camera"": ""Fujifilm GFX 50S"", ""create_date"": ""2017:08:27 17:40:28"", ""lens_model"": ""GF110mmF2 R LM WR"", ""iso"": ""100"", ""exposure_time"": ""1/750"", ""exposure_program"": ""Aperture-priority AE"", ""exposure_compensation"": ""+0.33"", ""aperture"": ""2.0"", ""focal_length"": ""110.0 mm"", ""focal_length_in35mm"": ""87 mm"", ""white_balance"": ""Auto"", ""metering_mode"": ""Multi-segment"", ""flash"": ""No Flash"", ""pageid"": ""287""}"
36807870146|70202166@N00|287|Fujifilm GFX 50S|Fujifilm|70202166@N00_Fujifilm_2886e32b.json|"{""id"": ""36807870146"", ""owner"": ""70202166@N00"", ""title"": ""DSCF6581"", ""realname"": """", ""ownername"": ""黑麵之路‧不由分說"", ""datetaken"": ""2017-08-27 16:21:49"", ""max_width"": 8256, ""max_height"": 6192, ""url_max"": ""https://live.staticflickr.com/4375/36807870146_75fae2f873_o.jpg"", ""max_width_2000"": 1600, ""max_height_2000"": 1200, ""url_max_2000"": ""https://live.staticflickr.com/4375/36807870146_b1ca6e77ac_h.jpg"", ""flickr_page"": ""https://www.flickr.com/photos/70202166@N00/36807870146"", ""camera"": ""Fujifilm GFX 50S"", ""create_date"": ""2017:08:27 16:21:49"", ""lens_model"": ""GF32-64mmF4 R LM WR"", ""iso"": ""100"", ""exposure_time"": ""1/400"", ""exposure_program"": ""Aperture-priority AE"", ""exposure_compensation"": ""+1"", ""aperture"": ""4.0"", ""focal_length"": ""64.0 mm"", ""focal_length_in35mm"": ""51 mm"", ""white_balance"": ""Auto"", ""metering_mode"": ""Multi-segment"", ""flash"": ""No Flash"", ""pageid"": ""287""}"
36807870036|70202166@N00|287|Fujifilm GFX 50S|Fujifilm|70202166@N00_Fujifilm_2886e32b.json|"{""id"": ""36807870036"", ""owner"": ""70202166@N00"", ""title"": ""DSCF5579"", ""realname"": """", ""ownername"": ""黑麵之路‧不由分說"", ""datetaken"": ""2017-08-26 07:47:33"", ""max_width"": 8256, ""max_height"": 6192, ""url_max"": ""https://live.staticflickr.com/4442/36807870036_63da491f13_o.jpg"", ""max_width_2000"": 1600, ""max_height_2000"": 1200, ""url_max_2000"": ""https://live.staticflickr.com/4442/36807870036_5ea1ec1b68_h.jpg"", ""flickr_page"": ""https://www.flickr.com/photos/70202166@N00/36807870036"", ""camera"": ""Fujifilm GFX 50S"", ""create_date"": ""2017:08:26 07:47:33"", ""lens_model"": ""GF32-64mmF4 R LM WR"", ""iso"": ""100"", ""exposure_time"": ""1/125"", ""exposure_program"": ""Manual"", ""exposure_compensation"": ""0"", ""aperture"": ""13.0"", ""focal_length"": ""32.0 mm"", ""focal_length_in35mm"": ""25 mm"", ""white_balance"": ""Auto"", ""metering_mode"": ""Multi-segment"", ""flash"": ""No Flash"", ""pageid"": ""287""}"
36487005260|70202166@N00|287|Fujifilm GFX 50S|Fujifilm|70202166@N00_Fujifilm_2886e32b.json|"{""id"": ""36487005260"", ""owner"": ""70202166@N00"", ""title"": """", ""realname"": """", ""ownername"": ""黑麵之路‧不由分說"", ""datetaken"": ""2017-08-25 17:05:39"", ""max_width"": 8256, ""max_height"": 6192, ""url_max"": ""https://live.staticflickr.com/4421/36487005260_f8a3f3c95d_o.jpg"", ""max_width_2000"": 1600, ""max_height_2000"": 1200, ""url_max_2000"": ""https://live.staticflickr.com/4421/36487005260_9785cb65ff_h.jpg"", ""flickr_page"": ""https://www.flickr.com/photos/70202166@N00/36487005260"", ""camera"": ""Fujifilm GFX 50S"", ""create_date"": ""2017:08:25 17:05:39"", ""lens_model"": ""GF32-64mmF4 R LM WR"", ""iso"": ""100"", ""exposure_time"": ""1/160"", ""exposure_program"": ""Aperture-priority AE"", ""exposure_compensation"": ""+1.67"", ""aperture"": ""4.0"", ""focal_length"": ""64.0 mm"", ""focal_length_in35mm"": ""51 mm"", ""white_balance"": ""Auto"", ""metering_mode"": ""Multi-segment"", ""flash"": ""No Flash"", ""pageid"": ""287""}"
36746225891|70202166@N00|287|Fujifilm GFX 50S|Fujifilm|70202166@N00_Fujifilm_2886e32b.json|"{""id"": ""36746225891"", ""owner"": ""70202166@N00"", ""title"": """", ""realname"": """", ""ownername"": ""黑麵之路‧不由分說"", ""datetaken"": ""2017-08-27 17:54:06"", ""max_width"": 8256, ""max_height"": 6192, ""url_max"": ""https://live.staticflickr.com/4337/36746225891_ebc1db2442_o.jpg"", ""max_width_2000"": 1600, ""max_height_2000"": 1200, ""url_max_2000"": ""https://live.staticflickr.com/4337/36746225891_1d75aba7fc_h.jpg"", ""flickr_page"": ""https://www.flickr.com/photos/70202166@N00/36746225891"", ""camera"": ""Fujifilm GFX 50S"", ""create_date"": ""2017:08:27 17:54:06"", ""lens_model"": ""GF110mmF2 R LM WR"", ""iso"": ""800"", ""exposure_time"": ""1/680"", ""exposure_program"": ""Aperture-priority AE"", ""exposure_compensation"": ""+1"", ""aperture"": ""2.0"", ""focal_length"": ""110.0 mm"", ""focal_length_in35mm"": ""87 mm"", ""white_balance"": ""Auto"", ""metering_mode"": ""Multi-segment"", ""flash"": ""No Flash"", ""pageid"": ""287""}"
36049300564|70202166@N00|287|Fujifilm GFX 50S|Fujifilm|70202166@N00_Fujifilm_2886e32b.json|"{""id"": ""36049300564"", ""owner"": ""70202166@N00"", ""title"": """", ""realname"": """", ""ownername"": ""黑麵之路‧不由分說"", ""datetaken"": ""2017-08-25 17:04:02"", ""max_width"": 8256, ""max_height"": 6192, ""url_max"": ""https://live.staticflickr.com/4381/36049300564_c27e15a867_o.jpg"", ""max_width_2000"": 1600, ""max_height_2000"": 1200, ""url_max_2000"": ""https://live.staticflickr.com/4381/36049300564_190336f84f_h.jpg"", ""flickr_page"": ""https://www.flickr.com/photos/70202166@N00/36049300564"", ""camera"": ""Fujifilm GFX 50S"", ""create_date"": ""2017:08:25 17:04:02"", ""lens_model"": ""GF32-64mmF4 R LM WR"", ""iso"": ""100"", ""exposure_time"": ""1/150"", ""exposure_program"": ""Aperture-priority AE"", ""exposure_compensation"": ""+1.67"", ""aperture"": ""4.0"", ""focal_length"": ""47.3 mm"", ""focal_length_in35mm"": ""37 mm"", ""white_balance"": ""Auto"", ""metering_mode"": ""Multi-segment"", ""flash"": ""No Flash"", ""pageid"": ""287""}"
36489817880|70202166@N00|287|Fujifilm GFX 50S|Fujifilm|70202166@N00_Fujifilm_2886e32b.json|"{""id"": ""36489817880"", ""owner"": ""70202166@N00"", ""title"": """", ""realname"": """", ""ownername"": ""黑麵之路‧不由分說"", ""datetaken"": ""2017-08-27 17:54:06"", ""max_width"": 8256, ""max_height"": 6192, ""url_max"": ""https://live.staticflickr.com/4436/36489817880_011e54856d_o.jpg"", ""max_width_2000"": 1600, ""max_height_2000"": 1200, ""url_max_2000"": ""https://live.staticflickr.com/4436/36489817880_4615c255a9_h.jpg"", ""flickr_page"": ""https://www.flickr.com/photos/70202166@N00/36489817880"", ""camera"": ""Fujifilm GFX 50S"", ""create_date"": ""2017:08:27 17:54:06"", ""lens_model"": ""GF110mmF2 R LM WR"", ""iso"": ""800"", ""exposure_time"": ""1/680"", ""exposure_program"": ""Aperture-priority AE"", ""exposure_compensation"": ""+1"", ""aperture"": ""2.0"", ""focal_length"": ""110.0 mm"", ""focal_length_in35mm"": ""87 mm"", ""white_balance"": ""Auto"", ""metering_mode"": ""Multi-segment"", ""flash"": ""No Flash"", ""pageid"": ""287""}"
36573039641|70202166@N00|289|Fujifilm GFX 50S|Fujifilm|70202166@N00_Fujifilm_51ba4da6.json|"{""id"": ""36573039641"", ""owner"": ""70202166@N00"", ""title"": ""DSCF0621"", ""realname"": """", ""ownername"": ""黑麵之路‧不由分說"", ""datetaken"": ""2017-08-19 18:44:47"", ""max_width"": 8256, ""max_height"": 6192, ""url_max"": ""https://live.staticflickr.com/4379/36573039641_68d8ccd240_o.jpg"", ""max_width_2000"": 1536, ""max_height_2000"": 2048, ""url_max_2000"": ""https://live.staticflickr.com/4379/36573039641_19147905e4_k.jpg"", ""flickr_page"": ""https://www.flickr.com/photos/70202166@N00/36573039641"", ""camera"": ""Fujifilm GFX 50S"", ""create_date"": ""2017:08:19 18:44:47"", ""lens_model"": ""GF110mmF2 R LM WR"", ""iso"": ""800"", ""exposure_time"": ""1/125"", ""exposure_program"": ""Manual"", ""exposure_compensation"": ""0"", ""aperture"": ""2.0"", ""focal_length"": ""110.0 mm"", ""focal_length_in35mm"": ""87 mm"", ""white_balance"": ""Auto"", ""metering_mode"": ""Multi-segment"", ""flash"": ""No Flash"", ""pageid"": ""289""}"
35876955674|70202166@N00|289|Fujifilm GFX 50S|Fujifilm|70202166@N00_Fujifilm_51ba4da6.json|"{""id"": ""35876955674"", ""owner"": ""70202166@N00"", ""title"": ""DSCF0612"", ""realname"": """", ""ownername"": ""黑麵之路‧不由分說"", ""datetaken"": ""2017-08-19 18:44:17"", ""max_width"": 8256, ""max_height"": 6192, ""url_max"": ""https://live.staticflickr.com/4410/35876955674_967d70434c_o.jpg"", ""max_width_2000"": 1536, ""max_height_2000"": 2048, ""url_max_2000"": ""https://live.staticflickr.com/4410/35876955674_b748df82ab_k.jpg"", ""flickr_page"": ""https://www.flickr.com/photos/70202166@N00/35876955674"", ""camera"": ""Fujifilm GFX 50S"", ""create_date"": ""2017:08:19 18:44:17"", ""lens_model"": ""GF110mmF2 R LM WR"", ""iso"": ""800"", ""exposure_time"": ""1/125"", ""exposure_program"": ""Manual"", ""exposure_compensation"": ""0"", ""aperture"": ""2.0"", ""focal_length"": ""110.0 mm"", ""focal_length_in35mm"": ""87 mm"", ""white_balance"": ""Auto"", ""metering_mode"": ""Multi-segment"", ""flash"": ""No Flash"", ""pageid"": ""289""}"
36665665726|70202166@N00|289|Fujifilm GFX 50S|Fujifilm|70202166@N00_Fujifilm_51ba4da6.json|"{""id"": ""36665665726"", ""owner"": ""70202166@N00"", ""title"": ""DSCF0613"", ""realname"": """", ""ownername"": ""黑麵之路‧不由分說"", ""datetaken"": ""2017-08-19 18:44:20"", ""max_width"": 8256, ""max_height"": 6192, ""url_max"": ""https://live.staticflickr.com/4403/36665665726_c17a687a2f_o.jpg"", ""max_width_2000"": 1536, ""max_height_2000"": 2048, ""url_max_2000"": ""https://live.staticflickr.com/4403/36665665726_8d34e472e1_k.jpg"", ""flickr_page"": ""https://www.flickr.com/photos/70202166@N00/36665665726"", ""camera"": ""Fujifilm GFX 50S"", ""create_date"": ""2017:08:19 18:44:20"", ""lens_model"": ""GF110mmF2 R LM WR"", ""iso"": ""800"", ""exposure_time"": ""1/125"", ""exposure_program"": ""Manual"", ""exposure_compensation"": ""0"", ""aperture"": ""2.0"", ""focal_length"": ""110.0 mm"", ""focal_length_in35mm"": ""87 mm"", ""white_balance"": ""Auto"", ""metering_mode"": ""Multi-segment"", ""flash"": ""No Flash"", ""pageid"": ""289""}"
35876957764|70202166@N00|289|Fujifilm GFX 50S|Fujifilm|70202166@N00_Fujifilm_51ba4da6.json|"{""id"": ""35876957764"", ""owner"": ""70202166@N00"", ""title"": ""DSCF0609"", ""realname"": """", ""ownername"": ""黑麵之路‧不由分說"", ""datetaken"": ""2017-08-19 18:43:43"", ""max_width"": 8256, ""max_height"": 6192, ""url_max"": ""https://live.staticflickr.com/4348/35876957764_17e9552bff_o.jpg"", ""max_width_2000"": 1600, ""max_height_2000"": 1200, ""url_max_2000"": ""https://live.staticflickr.com/4348/35876957764_094bc05530_h.jpg"", ""flickr_page"": ""https://www.flickr.com/photos/70202166@N00/35876957764"", ""camera"": ""Fujifilm GFX 50S"", ""create_date"": ""2017:08:19 18:43:43"", ""lens_model"": ""GF110mmF2 R LM WR"", ""iso"": ""800"", ""exposure_time"": ""1/125"", ""exposure_program"": ""Manual"", ""exposure_compensation"": ""0"", ""aperture"": ""2.0"", ""focal_length"": ""110.0 mm"", ""focal_length_in35mm"": ""87 mm"", ""white_balance"": ""Auto"", ""metering_mode"": ""Multi-segment"", ""flash"": ""No Flash"", ""pageid"": ""289""}"
35876954824|70202166@N00|289|Fujifilm GFX 50S|Fujifilm|70202166@N00_Fujifilm_51ba4da6.json|"{""id"": ""35876954824"", ""owner"": ""70202166@N00"", ""title"": ""DSCF0617"", ""realname"": """", ""ownername"": ""黑麵之路‧不由分說"", ""datetaken"": ""2017-08-19 18:44:33"", ""max_width"": 8256, ""max_height"": 6192, ""url_max"": ""https://live.staticflickr.com/4358/35876954824_77111dbe7f_o.jpg"", ""max_width_2000"": 1536, ""max_height_2000"": 2048, ""url_max_2000"": ""https://live.staticflickr.com/4358/35876954824_e9f523f4a1_k.jpg"", ""flickr_page"": ""https://www.flickr.com/photos/70202166@N00/35876954824"", ""camera"": ""Fujifilm GFX 50S"", ""create_date"": ""2017:08:19 18:44:33"", ""lens_model"": ""GF110mmF2 R LM WR"", ""iso"": ""800"", ""exposure_time"": ""1/125"", ""exposure_program"": ""Manual"", ""exposure_compensation"": ""0"", ""aperture"": ""2.0"", ""focal_length"": ""110.0 mm"", ""focal_length_in35mm"": ""87 mm"", ""white_balance"": ""Auto"", ""metering_mode"": ""Multi-segment"", ""flash"": ""No Flash"", ""pageid"": ""289""}"
36573040071|70202166@N00|289|Fujifilm GFX 50S|Fujifilm|70202166@N00_Fujifilm_51ba4da6.json|"{""id"": ""36573040071"", ""owner"": ""70202166@N00"", ""title"": ""DSCF0620"", ""realname"": """", ""ownername"": ""黑麵之路‧不由分說"", ""datetaken"": ""2017-08-19 18:44:45"", ""max_width"": 8256, ""max_height"": 6192, ""url_max"": ""https://live.staticflickr.com/4392/36573040071_2966b5ace9_o.jpg"", ""max_width_2000"": 1536, ""max_height_2000"": 2048, ""url_max_2000"": ""https://live.staticflickr.com/4392/36573040071_b8e36c8c69_k.jpg"", ""flickr_page"": ""https://www.flickr.com/photos/70202166@N00/36573040071"", ""camera"": ""Fujifilm GFX 50S"", ""create_date"": ""2017:08:19 18:44:45"", ""lens_model"": ""GF110mmF2 R LM WR"", ""iso"": ""800"", ""exposure_time"": ""1/125"", ""exposure_program"": ""Manual"", ""exposure_compensation"": ""0"", ""aperture"": ""2.0"", ""focal_length"": ""110.0 mm"", ""focal_length_in35mm"": ""87 mm"", ""white_balance"": ""Auto"", ""metering_mode"": ""Multi-segment"", ""flash"": ""No Flash"", ""pageid"": ""289""}"
36665664206|70202166@N00|289|Fujifilm GFX 50S|Fujifilm|70202166@N00_Fujifilm_51ba4da6.json|"{""id"": ""36665664206"", ""owner"": ""70202166@N00"", ""title"": ""DSCF0614"", ""realname"": """", ""ownername"": ""黑麵之路‧不由分說"", ""datetaken"": ""2017-08-19 18:44:22"", ""max_width"": 8256, ""max_height"": 6192, ""url_max"": ""https://live.staticflickr.com/4425/36665664206_cb5c9c8239_o.jpg"", ""max_width_2000"": 1536, ""max_height_2000"": 2048, ""url_max_2000"": ""https://live.staticflickr.com/4425/36665664206_69339b7632_k.jpg"", ""flickr_page"": ""https://www.flickr.com/photos/70202166@N00/36665664206"", ""camera"": ""Fujifilm GFX 50S"", ""create_date"": ""2017:08:19 18:44:22"", ""lens_model"": ""GF110mmF2 R LM WR"", ""iso"": ""800"", ""exposure_time"": ""1/125"", ""exposure_program"": ""Manual"", ""exposure_compensation"": ""0"", ""aperture"": ""2.0"", ""focal_length"": ""110.0 mm"", ""focal_length_in35mm"": ""87 mm"", ""white_balance"": ""Auto"", ""metering_mode"": ""Multi-segment"", ""flash"": ""No Flash"", ""pageid"": ""289""}"
36573040331|70202166@N00|289|Fujifilm GFX 50S|Fujifilm|70202166@N00_Fujifilm_51ba4da6.json|"{""id"": ""36573040331"", ""owner"": ""70202166@N00"", ""title"": ""DSCF0618"", ""realname"": """", ""ownername"": ""黑麵之路‧不由分說"", ""datetaken"": ""2017-08-19 18:44:36"", ""max_width"": 8256, ""max_height"": 6192, ""url_max"": ""https://live.staticflickr.com/4350/36573040331_432e3923e4_o.jpg"", ""max_width_2000"": 1536, ""max_height_2000"": 2048, ""url_max_2000"": ""https://live.staticflickr.com/4350/36573040331_c5a712b4ed_k.jpg"", ""flickr_page"": ""https://www.flickr.com/photos/70202166@N00/36573040331"", ""camera"": ""Fujifilm GFX 50S"", ""create_date"": ""2017:08:19 18:44:36"", ""lens_model"": ""GF110mmF2 R LM WR"", ""iso"": ""800"", ""exposure_time"": ""1/125"", ""exposure_program"": ""Manual"", ""exposure_compensation"": ""0"", ""aperture"": ""2.0"", ""focal_length"": ""110.0 mm"", ""focal_length_in35mm"": ""87 mm"", ""white_balance"": ""Auto"", ""metering_mode"": ""Multi-segment"", ""flash"": ""No Flash"", ""pageid"": ""289""}"
35876956634|70202166@N00|289|Fujifilm GFX 50S|Fujifilm|70202166@N00_Fujifilm_51ba4da6.json|"{""id"": ""35876956634"", ""owner"": ""70202166@N00"", ""title"": ""DSCF0610"", ""realname"": """", ""ownername"": ""黑麵之路‧不由分說"", ""datetaken"": ""2017-08-19 18:43:50"", ""max_width"": 8256, ""max_height"": 6192, ""url_max"": ""https://live.staticflickr.com/4427/35876956634_1243c16a74_o.jpg"", ""max_width_2000"": 1600, ""max_height_2000"": 1200, ""url_max_2000"": ""https://live.staticflickr.com/4427/35876956634_bb2200fef5_h.jpg"", ""flickr_page"": ""https://www.flickr.com/photos/70202166@N00/35876956634"", ""camera"": ""Fujifilm GFX 50S"", ""create_date"": ""2017:08:19 18:43:50"", ""lens_model"": ""GF110mmF2 R LM WR"", ""iso"": ""800"", ""exposure_time"": ""1/125"", ""exposure_program"": ""Manual"", ""exposure_compensation"": ""0"", ""aperture"": ""2.0"", ""focal_length"": ""110.0 mm"", ""focal_length_in35mm"": ""87 mm"", ""white_balance"": ""Auto"", ""metering_mode"": ""Multi-segment"", ""flash"": ""No Flash"", ""pageid"": ""289""}"
35876959074|70202166@N00|289|Fujifilm GFX 50S|Fujifilm|70202166@N00_Fujifilm_51ba4da6.json|"{""id"": ""35876959074"", ""owner"": ""70202166@N00"", ""title"": ""DSCF0608"", ""realname"": """", ""ownername"": ""黑麵之路‧不由分說"", ""datetaken"": ""2017-08-19 18:43:36"", ""max_width"": 8256, ""max_height"": 6192, ""url_max"": ""https://live.staticflickr.com/4353/35876959074_96b0211a7f_o.jpg"", ""max_width_2000"": 1600, ""max_height_2000"": 1200, ""url_max_2000"": ""https://live.staticflickr.com/4353/35876959074_121b9e96f8_h.jpg"", ""flickr_page"": ""https://www.flickr.com/photos/70202166@N00/35876959074"", ""camera"": ""Fujifilm GFX 50S"", ""create_date"": ""2017:08:19 18:43:36"", ""lens_model"": ""GF110mmF2 R LM WR"", ""iso"": ""800"", ""exposure_time"": ""1/125"", ""exposure_program"": ""Manual"", ""exposure_compensation"": ""0"", ""aperture"": ""2.0"", ""focal_length"": ""110.0 mm"", ""focal_length_in35mm"": ""87 mm"", ""white_balance"": ""Auto"", ""metering_mode"": ""Multi-segment"", ""flash"": ""No Flash"", ""pageid"": ""289""}"
35902115363|70202166@N00|289|Fujifilm GFX 50S|Fujifilm|70202166@N00_Fujifilm_51ba4da6.json|"{""id"": ""35902115363"", ""owner"": ""70202166@N00"", ""title"": ""DSCF0601"", ""realname"": """", ""ownername"": ""黑麵之路‧不由分說"", ""datetaken"": ""2017-08-19 18:42:48"", ""max_width"": 8256, ""max_height"": 6192, ""url_max"": ""https://live.staticflickr.com/4353/35902115363_5d508e8946_o.jpg"", ""max_width_2000"": 1600, ""max_height_2000"": 1200, ""url_max_2000"": ""https://live.staticflickr.com/4353/35902115363_f8cd8e4388_h.jpg"", ""flickr_page"": ""https://www.flickr.com/photos/70202166@N00/35902115363"", ""camera"": ""Fujifilm GFX 50S"", ""create_date"": ""2017:08:19 18:42:48"", ""lens_model"": ""GF110mmF2 R LM WR"", ""iso"": ""800"", ""exposure_time"": ""1/125"", ""exposure_program"": ""Manual"", ""exposure_compensation"": ""0"", ""aperture"": ""2.0"", ""focal_length"": ""110.0 mm"", ""focal_length_in35mm"": ""87 mm"", ""white_balance"": ""Auto"", ""metering_mode"": ""Multi-segment"", ""flash"": ""No Flash"", ""pageid"": ""289""}"
35876962594|70202166@N00|289|Fujifilm GFX 50S|Fujifilm|70202166@N00_Fujifilm_51ba4da6.json|"{""id"": ""35876962594"", ""owner"": ""70202166@N00"", ""title"": ""DSCF0599"", ""realname"": """", ""ownername"": ""黑麵之路‧不由分說"", ""datetaken"": ""2017-08-19 18:41:17"", ""max_width"": 8256, ""max_height"": 6192, ""url_max"": ""https://live.staticflickr.com/4379/35876962594_a31862105a_o.jpg"", ""max_width_2000"": 1600, ""max_height_2000"": 1200, ""url_max_2000"": ""https://live.staticflickr.com/4379/35876962594_070bf25798_h.jpg"", ""flickr_page"": ""https://www.flickr.com/photos/70202166@N00/35876962594"", ""camera"": ""Fujifilm GFX 50S"", ""create_date"": ""2017:08:19 18:41:17"", ""lens_model"": ""GF110mmF2 R LM WR"", ""iso"": ""800"", ""exposure_time"": ""1/125"", ""exposure_program"": ""Manual"", ""exposure_compensation"": ""0"", ""aperture"": ""2.0"", ""focal_length"": ""110.0 mm"", ""focal_length_in35mm"": ""87 mm"", ""white_balance"": ""Auto"", ""metering_mode"": ""Multi-segment"", ""flash"": ""No Flash"", ""pageid"": ""289""}"
35876960924|70202166@N00|289|Fujifilm GFX 50S|Fujifilm|70202166@N00_Fujifilm_51ba4da6.json|"{""id"": ""35876960924"", ""owner"": ""70202166@N00"", ""title"": ""DSCF0602"", ""realname"": """", ""ownername"": ""黑麵之路‧不由分說"", ""datetaken"": ""2017-08-19 18:42:51"", ""max_width"": 8256, ""max_height"": 6192, ""url_max"": ""https://live.staticflickr.com/4397/35876960924_a40726a0c1_o.jpg"", ""max_width_2000"": 1600, ""max_height_2000"": 1200, ""url_max_2000"": ""https://live.staticflickr.com/4397/35876960924_e113922b0a_h.jpg"", ""flickr_page"": ""https://www.flickr.com/photos/70202166@N00/35876960924"", ""camera"": ""Fujifilm GFX 50S"", ""create_date"": ""2017:08:19 18:42:51"", ""lens_model"": ""GF110mmF2 R LM WR"", ""iso"": ""800"", ""exposure_time"": ""1/125"", ""exposure_program"": ""Manual"", ""exposure_compensation"": ""0"", ""aperture"": ""2.0"", ""focal_length"": ""110.0 mm"", ""focal_length_in35mm"": ""87 mm"", ""white_balance"": ""Auto"", ""metering_mode"": ""Multi-segment"", ""flash"": ""No Flash"", ""pageid"": ""289""}"
36573047871|70202166@N00|289|Fujifilm GFX 50S|Fujifilm|70202166@N00_Fujifilm_51ba4da6.json|"{""id"": ""36573047871"", ""owner"": ""70202166@N00"", ""title"": ""DSCF0604"", ""realname"": """", ""ownername"": ""黑麵之路‧不由分說"", ""datetaken"": ""2017-08-19 18:42:59"", ""max_width"": 8256, ""max_height"": 6192, ""url_max"": ""https://live.staticflickr.com/4410/36573047871_6eaa1fd6c0_o.jpg"", ""max_width_2000"": 1600, ""max_height_2000"": 1200, ""url_max_2000"": ""https://live.staticflickr.com/4410/36573047871_1e4bfa51e4_h.jpg"", ""flickr_page"": ""https://www.flickr.com/photos/70202166@N00/36573047871"", ""camera"": ""Fujifilm GFX 50S"", ""create_date"": ""2017:08:19 18:42:59"", ""lens_model"": ""GF110mmF2 R LM WR"", ""iso"": ""800"", ""exposure_time"": ""1/125"", ""exposure_program"": ""Manual"", ""exposure_compensation"": ""0"", ""aperture"": ""2.0"", ""focal_length"": ""110.0 mm"", ""focal_length_in35mm"": ""87 mm"", ""white_balance"": ""Auto"", ""metering_mode"": ""Multi-segment"", ""flash"": ""No Flash"", ""pageid"": ""289""}"
35876966024|70202166@N00|289|Fujifilm GFX 50S|Fujifilm|70202166@N00_Fujifilm_51ba4da6.json|"{""id"": ""35876966024"", ""owner"": ""70202166@N00"", ""title"": ""DSCF0588"", ""realname"": """", ""ownername"": ""黑麵之路‧不由分說"", ""datetaken"": ""2017-08-19 18:33:18"", ""max_width"": 8256, ""max_height"": 6192, ""url_max"": ""https://live.staticflickr.com/4398/35876966024_5dda22091b_o.jpg"", ""max_width_2000"": 1536, ""max_height_2000"": 2048, ""url_max_2000"": ""https://live.staticflickr.com/4398/35876966024_6ee58f0db4_k.jpg"", ""flickr_page"": ""https://www.flickr.com/photos/70202166@N00/35876966024"", ""camera"": ""Fujifilm GFX 50S"", ""create_date"": ""2017:08:19 18:33:18"", ""lens_model"": ""GF110mmF2 R LM WR"", ""iso"": ""800"", ""exposure_time"": ""1/125"", ""exposure_program"": ""Manual"", ""exposure_compensation"": ""0"", ""aperture"": ""2.0"", ""focal_length"": ""110.0 mm"", ""focal_length_in35mm"": ""87 mm"", ""white_balance"": ""Auto"", ""metering_mode"": ""Multi-segment"", ""flash"": ""No Flash"", ""pageid"": ""289""}"
36573058921|70202166@N00|289|Fujifilm GFX 50S|Fujifilm|70202166@N00_Fujifilm_51ba4da6.json|"{""id"": ""36573058921"", ""owner"": ""70202166@N00"", ""title"": ""DSCF0587"", ""realname"": """", ""ownername"": ""黑麵之路‧不由分說"", ""datetaken"": ""2017-08-19 18:33:16"", ""max_width"": 8256, ""max_height"": 6192, ""url_max"": ""https://live.staticflickr.com/4341/36573058921_8faae81837_o.jpg"", ""max_width_2000"": 1536, ""max_height_2000"": 2048, ""url_max_2000"": ""https://live.staticflickr.com/4341/36573058921_c6f8fab4f7_k.jpg"", ""flickr_page"": ""https://www.flickr.com/photos/70202166@N00/36573058921"", ""camera"": ""Fujifilm GFX 50S"", ""create_date"": ""2017:08:19 18:33:16"", ""lens_model"": ""GF110mmF2 R LM WR"", ""iso"": ""800"", ""exposure_time"": ""1/125"", ""exposure_program"": ""Manual"", ""exposure_compensation"": ""0"", ""aperture"": ""2.0"", ""focal_length"": ""110.0 mm"", ""focal_length_in35mm"": ""87 mm"", ""white_balance"": ""Auto"", ""metering_mode"": ""Multi-segment"", ""flash"": ""No Flash"", ""pageid"": ""289""}"
36573056311|70202166@N00|289|Fujifilm GFX 50S|Fujifilm|70202166@N00_Fujifilm_51ba4da6.json|"{""id"": ""36573056311"", ""owner"": ""70202166@N00"", ""title"": ""DSCF0589"", ""realname"": """", ""ownername"": ""黑麵之路‧不由分說"", ""datetaken"": ""2017-08-19 18:33:21"", ""max_width"": 8256, ""max_height"": 6192, ""url_max"": ""https://live.staticflickr.com/4428/36573056311_876cab432d_o.jpg"", ""max_width_2000"": 1536, ""max_height_2000"": 2048, ""url_max_2000"": ""https://live.staticflickr.com/4428/36573056311_8ffec3d38b_k.jpg"", ""flickr_page"": ""https://www.flickr.com/photos/70202166@N00/36573056311"", ""camera"": ""Fujifilm GFX 50S"", ""create_date"": ""2017:08:19 18:33:21"", ""lens_model"": ""GF110mmF2 R LM WR"", ""iso"": ""800"", ""exposure_time"": ""1/125"", ""exposure_program"": ""Manual"", ""exposure_compensation"": ""0"", ""aperture"": ""2.0"", ""focal_length"": ""110.0 mm"", ""focal_length_in35mm"": ""87 mm"", ""white_balance"": ""Auto"", ""metering_mode"": ""Multi-segment"", ""flash"": ""No Flash"", ""pageid"": ""289""}"
35876967554|70202166@N00|289|Fujifilm GFX 50S|Fujifilm|70202166@N00_Fujifilm_51ba4da6.json|"{""id"": ""35876967554"", ""owner"": ""70202166@N00"", ""title"": ""DSCF0582"", ""realname"": """", ""ownername"": ""黑麵之路‧不由分說"", ""datetaken"": ""2017-08-19 18:30:14"", ""max_width"": 8256, ""max_height"": 6192, ""url_max"": ""https://live.staticflickr.com/4387/35876967554_e9173e5926_o.jpg"", ""max_width_2000"": 1536, ""max_height_2000"": 2048, ""url_max_2000"": ""https://live.staticflickr.com/4387/35876967554_772805dcee_k.jpg"", ""flickr_page"": ""https://www.flickr.com/photos/70202166@N00/35876967554"", ""camera"": ""Fujifilm GFX 50S"", ""create_date"": ""2017:08:19 18:30:14"", ""lens_model"": ""GF110mmF2 R LM WR"", ""iso"": ""800"", ""exposure_time"": ""1/200"", ""exposure_program"": ""Manual"", ""exposure_compensation"": ""0"", ""aperture"": ""2.0"", ""focal_length"": ""110.0 mm"", ""focal_length_in35mm"": ""87 mm"", ""white_balance"": ""Manual"", ""metering_mode"": ""Multi-segment"", ""flash"": ""No Flash"", ""pageid"": ""289""}"
35876963564|70202166@N00|289|Fujifilm GFX 50S|Fujifilm|70202166@N00_Fujifilm_51ba4da6.json|"{""id"": ""35876963564"", ""owner"": ""70202166@N00"", ""title"": ""DSCF0593"", ""realname"": """", ""ownername"": ""黑麵之路‧不由分說"", ""datetaken"": ""2017-08-19 18:38:12"", ""max_width"": 8256, ""max_height"": 6192, ""url_max"": ""https://live.staticflickr.com/4402/35876963564_3250e2ca10_o.jpg"", ""max_width_2000"": 1536, ""max_height_2000"": 2048, ""url_max_2000"": ""https://live.staticflickr.com/4402/35876963564_992bd893fd_k.jpg"", ""flickr_page"": ""https://www.flickr.com/photos/70202166@N00/35876963564"", ""camera"": ""Fujifilm GFX 50S"", ""create_date"": ""2017:08:19 18:38:12"", ""lens_model"": ""GF110mmF2 R LM WR"", ""iso"": ""800"", ""exposure_time"": ""1/125"", ""exposure_program"": ""Manual"", ""exposure_compensation"": ""0"", ""aperture"": ""2.0"", ""focal_length"": ""110.0 mm"", ""focal_length_in35mm"": ""87 mm"", ""white_balance"": ""Auto"", ""metering_mode"": ""Multi-segment"", ""flash"": ""No Flash"", ""pageid"": ""289""}"
36573063621|70202166@N00|289|Fujifilm GFX 50S|Fujifilm|70202166@N00_Fujifilm_51ba4da6.json|"{""id"": ""36573063621"", ""owner"": ""70202166@N00"", ""title"": ""DSCF0579"", ""realname"": """", ""ownername"": ""黑麵之路‧不由分說"", ""datetaken"": ""2017-08-19 18:30:04"", ""max_width"": 8256, ""max_height"": 6192, ""url_max"": ""https://live.staticflickr.com/4360/36573063621_3365638d33_o.jpg"", ""max_width_2000"": 1536, ""max_height_2000"": 2048, ""url_max_2000"": ""https://live.staticflickr.com/4360/36573063621_6714bd972b_k.jpg"", ""flickr_page"": ""https://www.flickr.com/photos/70202166@N00/36573063621"", ""camera"": ""Fujifilm GFX 50S"", ""create_date"": ""2017:08:19 18:30:04"", ""lens_model"": ""GF110mmF2 R LM WR"", ""iso"": ""800"", ""exposure_time"": ""1/200"", ""exposure_program"": ""Manual"", ""exposure_compensation"": ""0"", ""aperture"": ""2.0"", ""focal_length"": ""110.0 mm"", ""focal_length_in35mm"": ""87 mm"", ""white_balance"": ""Manual"", ""metering_mode"": ""Multi-segment"", ""flash"": ""No Flash"", ""pageid"": ""289""}"
35876964544|70202166@N00|289|Fujifilm GFX 50S|Fujifilm|70202166@N00_Fujifilm_51ba4da6.json|"{""id"": ""35876964544"", ""owner"": ""70202166@N00"", ""title"": ""DSCF0591"", ""realname"": """", ""ownername"": ""黑麵之路‧不由分說"", ""datetaken"": ""2017-08-19 18:33:30"", ""max_width"": 8256, ""max_height"": 6192, ""url_max"": ""https://live.staticflickr.com/4342/35876964544_ae031e6736_o.jpg"", ""max_width_2000"": 1536, ""max_height_2000"": 2048, ""url_max_2000"": ""https://live.staticflickr.com/4342/35876964544_f063af4429_k.jpg"", ""flickr_page"": ""https://www.flickr.com/photos/70202166@N00/35876964544"", ""camera"": ""Fujifilm GFX 50S"", ""create_date"": ""2017:08:19 18:33:30"", ""lens_model"": ""GF110mmF2 R LM WR"", ""iso"": ""800"", ""exposure_time"": ""1/125"", ""exposure_program"": ""Manual"", ""exposure_compensation"": ""0"", ""aperture"": ""2.0"", ""focal_length"": ""110.0 mm"", ""focal_length_in35mm"": ""87 mm"", ""white_balance"": ""Auto"", ""metering_mode"": ""Multi-segment"", ""flash"": ""No Flash"", ""pageid"": ""289""}"
35876970084|70202166@N00|289|Fujifilm GFX 50S|Fujifilm|70202166@N00_Fujifilm_51ba4da6.json|"{""id"": ""35876970084"", ""owner"": ""70202166@N00"", ""title"": ""DSCF0578"", ""realname"": """", ""ownername"": ""黑麵之路‧不由分說"", ""datetaken"": ""2017-08-19 18:30:01"", ""max_width"": 8256, ""max_height"": 6192, ""url_max"": ""https://live.staticflickr.com/4360/35876970084_73f4baf3ed_o.jpg"", ""max_width_2000"": 1536, ""max_height_2000"": 2048, ""url_max_2000"": ""https://live.staticflickr.com/4360/35876970084_e53dae0c02_k.jpg"", ""flickr_page"": ""https://www.flickr.com/photos/70202166@N00/35876970084"", ""camera"": ""Fujifilm GFX 50S"", ""create_date"": ""2017:08:19 18:30:01"", ""lens_model"": ""GF110mmF2 R LM WR"", ""iso"": ""800"", ""exposure_time"": ""1/200"", ""exposure_program"": ""Manual"", ""exposure_compensation"": ""0"", ""aperture"": ""2.0"", ""focal_length"": ""110.0 mm"", ""focal_length_in35mm"": ""87 mm"", ""white_balance"": ""Manual"", ""metering_mode"": ""Multi-segment"", ""flash"": ""No Flash"", ""pageid"": ""289""}"
36573061681|70202166@N00|289|Fujifilm GFX 50S|Fujifilm|70202166@N00_Fujifilm_51ba4da6.json|"{""id"": ""36573061681"", ""owner"": ""70202166@N00"", ""title"": ""DSCF0581"", ""realname"": """", ""ownername"": ""黑麵之路‧不由分說"", ""datetaken"": ""2017-08-19 18:30:09"", ""max_width"": 8256, ""max_height"": 6192, ""url_max"": ""https://live.staticflickr.com/4436/36573061681_fa5279af78_o.jpg"", ""max_width_2000"": 1536, ""max_height_2000"": 2048, ""url_max_2000"": ""https://live.staticflickr.com/4436/36573061681_91a5b31f32_k.jpg"", ""flickr_page"": ""https://www.flickr.com/photos/70202166@N00/36573061681"", ""camera"": ""Fujifilm GFX 50S"", ""create_date"": ""2017:08:19 18:30:09"", ""lens_model"": ""GF110mmF2 R LM WR"", ""iso"": ""800"", ""exposure_time"": ""1/200"", ""exposure_program"": ""Manual"", ""exposure_compensation"": ""0"", ""aperture"": ""2.0"", ""focal_length"": ""110.0 mm"", ""focal_length_in35mm"": ""87 mm"", ""white_balance"": ""Manual"", ""metering_mode"": ""Multi-segment"", ""flash"": ""No Flash"", ""pageid"": ""289""}"
35876971064|70202166@N00|289|Fujifilm GFX 50S|Fujifilm|70202166@N00_Fujifilm_51ba4da6.json|"{""id"": ""35876971064"", ""owner"": ""70202166@N00"", ""title"": ""DSCF0577"", ""realname"": """", ""ownername"": ""黑麵之路‧不由分說"", ""datetaken"": ""2017-08-19 18:29:59"", ""max_width"": 8256, ""max_height"": 6192, ""url_max"": ""https://live.staticflickr.com/4431/35876971064_1d6bfe90fc_o.jpg"", ""max_width_2000"": 1536, ""max_height_2000"": 2048, ""url_max_2000"": ""https://live.staticflickr.com/4431/35876971064_e0894a4942_k.jpg"", ""flickr_page"": ""https://www.flickr.com/photos/70202166@N00/35876971064"", ""camera"": ""Fujifilm GFX 50S"", ""create_date"": ""2017:08:19 18:29:59"", ""lens_model"": ""GF110mmF2 R LM WR"", ""iso"": ""800"", ""exposure_time"": ""1/200"", ""exposure_program"": ""Manual"", ""exposure_compensation"": ""0"", ""aperture"": ""2.0"", ""focal_length"": ""110.0 mm"", ""focal_length_in35mm"": ""87 mm"", ""white_balance"": ""Manual"", ""metering_mode"": ""Multi-segment"", ""flash"": ""No Flash"", ""pageid"": ""289""}"
35902127823|70202166@N00|289|Fujifilm GFX 50S|Fujifilm|70202166@N00_Fujifilm_51ba4da6.json|"{""id"": ""35902127823"", ""owner"": ""70202166@N00"", ""title"": ""DSCF0550"", ""realname"": """", ""ownername"": ""黑麵之路‧不由分說"", ""datetaken"": ""2017-08-19 18:25:31"", ""max_width"": 8256, ""max_height"": 6192, ""url_max"": ""https://live.staticflickr.com/4430/35902127823_32f46e0ee4_o.jpg"", ""max_width_2000"": 1600, ""max_height_2000"": 1200, ""url_max_2000"": ""https://live.staticflickr.com/4430/35902127823_4382706a29_h.jpg"", ""flickr_page"": ""https://www.flickr.com/photos/70202166@N00/35902127823"", ""camera"": ""Fujifilm GFX 50S"", ""create_date"": ""2017:08:19 18:25:31"", ""lens_model"": ""GF110mmF2 R LM WR"", ""iso"": ""800"", ""exposure_time"": ""1/125"", ""exposure_program"": ""Manual"", ""exposure_compensation"": ""0"", ""aperture"": ""2.0"", ""focal_length"": ""110.0 mm"", ""focal_length_in35mm"": ""87 mm"", ""white_balance"": ""Auto"", ""metering_mode"": ""Multi-segment"", ""flash"": ""No Flash"", ""pageid"": ""289""}"
36316528640|70202166@N00|290|Fujifilm GFX 50S|Fujifilm|70202166@N00_Fujifilm_51ba4da6.json|"{""id"": ""36316528640"", ""owner"": ""70202166@N00"", ""title"": ""DSCF0547"", ""realname"": """", ""ownername"": ""黑麵之路‧不由分說"", ""datetaken"": ""2017-08-19 18:21:24"", ""max_width"": 8256, ""max_height"": 6192, ""url_max"": ""https://live.staticflickr.com/4367/36316528640_3fa18e49f3_o.jpg"", ""max_width_2000"": 1536, ""max_height_2000"": 2048, ""url_max_2000"": ""https://live.staticflickr.com/4367/36316528640_d0cece047e_k.jpg"", ""flickr_page"": ""https://www.flickr.com/photos/70202166@N00/36316528640"", ""camera"": ""Fujifilm GFX 50S"", ""create_date"": ""2017:08:19 18:21:24"", ""lens_model"": ""GF110mmF2 R LM WR"", ""iso"": ""800"", ""exposure_time"": ""1/125"", ""exposure_program"": ""Manual"", ""exposure_compensation"": ""0"", ""aperture"": ""2.0"", ""focal_length"": ""110.0 mm"", ""focal_length_in35mm"": ""87 mm"", ""white_balance"": ""Auto"", ""metering_mode"": ""Multi-segment"", ""flash"": ""No Flash"", ""pageid"": ""290""}"
36573074881|70202166@N00|290|Fujifilm GFX 50S|Fujifilm|70202166@N00_Fujifilm_51ba4da6.json|"{""id"": ""36573074881"", ""owner"": ""70202166@N00"", ""title"": ""DSCF0542"", ""realname"": """", ""ownername"": ""黑麵之路‧不由分說"", ""datetaken"": ""2017-08-19 18:03:00"", ""max_width"": 8256, ""max_height"": 6192, ""url_max"": ""https://live.staticflickr.com/4343/36573074881_3b520507e7_o.jpg"", ""max_width_2000"": 1600, ""max_height_2000"": 1200, ""url_max_2000"": ""https://live.staticflickr.com/4343/36573074881_27070f8cfa_h.jpg"", ""flickr_page"": ""https://www.flickr.com/photos/70202166@N00/36573074881"", ""camera"": ""Fujifilm GFX 50S"", ""create_date"": ""2017:08:19 18:03:00"", ""lens_model"": ""GF110mmF2 R LM WR"", ""iso"": ""400"", ""exposure_time"": ""1/60"", ""exposure_program"": ""Manual"", ""exposure_compensation"": ""0"", ""aperture"": ""2.0"", ""focal_length"": ""110.0 mm"", ""focal_length_in35mm"": ""87 mm"", ""white_balance"": ""Auto"", ""metering_mode"": ""Multi-segment"", ""flash"": ""No Flash"", ""pageid"": ""290""}"
36542209282|70202166@N00|290|Fujifilm GFX 50S|Fujifilm|70202166@N00_Fujifilm_51ba4da6.json|"{""id"": ""36542209282"", ""owner"": ""70202166@N00"", ""title"": ""DSCF0525"", ""realname"": """", ""ownername"": ""黑麵之路‧不由分說"", ""datetaken"": ""2017-08-19 17:41:01"", ""max_width"": 8256, ""max_height"": 6192, ""url_max"": ""https://live.staticflickr.com/4438/36542209282_6a09a6bb2c_o.jpg"", ""max_width_2000"": 1600, ""max_height_2000"": 1200, ""url_max_2000"": ""https://live.staticflickr.com/4438/36542209282_890820e87c_h.jpg"", ""flickr_page"": ""https://www.flickr.com/photos/70202166@N00/36542209282"", ""camera"": ""Fujifilm GFX 50S"", ""create_date"": ""2017:08:19 17:41:01"", ""lens_model"": ""GF110mmF2 R LM WR"", ""iso"": ""1250"", ""exposure_time"": ""1/60"", ""exposure_program"": ""Manual"", ""exposure_compensation"": ""0"", ""aperture"": ""2.0"", ""focal_length"": ""110.0 mm"", ""focal_length_in35mm"": ""87 mm"", ""white_balance"": ""Auto"", ""metering_mode"": ""Multi-segment"", ""flash"": ""No Flash"", ""pageid"": ""290""}"
36316530900|70202166@N00|290|Fujifilm GFX 50S|Fujifilm|70202166@N00_Fujifilm_51ba4da6.json|"{""id"": ""36316530900"", ""owner"": ""70202166@N00"", ""title"": ""DSCF0545"", ""realname"": """", ""ownername"": ""黑麵之路‧不由分說"", ""datetaken"": ""2017-08-19 18:20:41"", ""max_width"": 8256, ""max_height"": 6192, ""url_max"": ""https://live.staticflickr.com/4341/36316530900_aefa949392_o.jpg"", ""max_width_2000"": 1536, ""max_height_2000"": 2048, ""url_max_2000"": ""https://live.staticflickr.com/4341/36316530900_9ec8dfb4cd_k.jpg"", ""flickr_page"": ""https://www.flickr.com/photos/70202166@N00/36316530900"", ""camera"": ""Fujifilm GFX 50S"", ""create_date"": ""2017:08:19 18:20:41"", ""lens_model"": ""GF110mmF2 R LM WR"", ""iso"": ""800"", ""exposure_time"": ""1/125"", ""exposure_program"": ""Manual"", ""exposure_compensation"": ""0"", ""aperture"": ""2.0"", ""focal_length"": ""110.0 mm"", ""focal_length_in35mm"": ""87 mm"", ""white_balance"": ""Auto"", ""metering_mode"": ""Multi-segment"", ""flash"": ""No Flash"", ""pageid"": ""290""}"
36542207682|70202166@N00|290|Fujifilm GFX 50S|Fujifilm|70202166@N00_Fujifilm_51ba4da6.json|"{""id"": ""36542207682"", ""owner"": ""70202166@N00"", ""title"": ""DSCF0534"", ""realname"": """", ""ownername"": ""黑麵之路‧不由分說"", ""datetaken"": ""2017-08-19 17:42:55"", ""max_width"": 8256, ""max_height"": 6192, ""url_max"": ""https://live.staticflickr.com/4346/36542207682_167f3ecb52_o.jpg"", ""max_width_2000"": 1600, ""max_height_2000"": 1200, ""url_max_2000"": ""https://live.staticflickr.com/4346/36542207682_8b3aacf428_h.jpg"", ""flickr_page"": ""https://www.flickr.com/photos/70202166@N00/36542207682"", ""camera"": ""Fujifilm GFX 50S"", ""create_date"": ""2017:08:19 17:42:55"", ""lens_model"": ""GF110mmF2 R LM WR"", ""iso"": ""1250"", ""exposure_time"": ""1/60"", ""exposure_program"": ""Manual"", ""exposure_compensation"": ""0"", ""aperture"": ""2.0"", ""focal_length"": ""110.0 mm"", ""focal_length_in35mm"": ""87 mm"", ""white_balance"": ""Auto"", ""metering_mode"": ""Multi-segment"", ""flash"": ""No Flash"", ""pageid"": ""290""}"
36542208442|70202166@N00|290|Fujifilm GFX 50S|Fujifilm|70202166@N00_Fujifilm_51ba4da6.json|"{""id"": ""36542208442"", ""owner"": ""70202166@N00"", ""title"": ""DSCF0532"", ""realname"": """", ""ownername"": ""黑麵之路‧不由分說"", ""datetaken"": ""2017-08-19 17:42:25"", ""max_width"": 8256, ""max_height"": 6192, ""url_max"": ""https://live.staticflickr.com/4372/36542208442_ab91c08e81_o.jpg"", ""max_width_2000"": 1600, ""max_height_2000"": 1200, ""url_max_2000"": ""https://live.staticflickr.com/4372/36542208442_3217579402_h.jpg"", ""flickr_page"": ""https://www.flickr.com/photos/70202166@N00/36542208442"", ""camera"": ""Fujifilm GFX 50S"", ""create_date"": ""2017:08:19 17:42:25"", ""lens_model"": ""GF110mmF2 R LM WR"", ""iso"": ""1250"", ""exposure_time"": ""1/60"", ""exposure_program"": ""Manual"", ""exposure_compensation"": ""0"", ""aperture"": ""2.0"", ""focal_length"": ""110.0 mm"", ""focal_length_in35mm"": ""87 mm"", ""white_balance"": ""Auto"", ""metering_mode"": ""Multi-segment"", ""flash"": ""No Flash"", ""pageid"": ""290""}"
36542205872|70202166@N00|290|Fujifilm GFX 50S|Fujifilm|70202166@N00_Fujifilm_51ba4da6.json|"{""id"": ""36542205872"", ""owner"": ""70202166@N00"", ""title"": ""DSCF0541"", ""realname"": """", ""ownername"": ""黑麵之路‧不由分說"", ""datetaken"": ""2017-08-19 18:02:28"", ""max_width"": 8256, ""max_height"": 6192, ""url_max"": ""https://live.staticflickr.com/4413/36542205872_4f82c18ae8_o.jpg"", ""max_width_2000"": 1600, ""max_height_2000"": 1200, ""url_max_2000"": ""https://live.staticflickr.com/4413/36542205872_b935e08faf_h.jpg"", ""flickr_page"": ""https://www.flickr.com/photos/70202166@N00/36542205872"", ""camera"": ""Fujifilm GFX 50S"", ""create_date"": ""2017:08:19 18:02:28"", ""lens_model"": ""GF110mmF2 R LM WR"", ""iso"": ""400"", ""exposure_time"": ""1/60"", ""exposure_program"": ""Manual"", ""exposure_compensation"": ""0"", ""aperture"": ""2.0"", ""focal_length"": ""110.0 mm"", ""focal_length_in35mm"": ""87 mm"", ""white_balance"": ""Auto"", ""metering_mode"": ""Multi-segment"", ""flash"": ""No Flash"", ""pageid"": ""290""}"
36542206752|70202166@N00|290|Fujifilm GFX 50S|Fujifilm|70202166@N00_Fujifilm_51ba4da6.json|"{""id"": ""36542206752"", ""owner"": ""70202166@N00"", ""title"": ""DSCF0535"", ""realname"": """", ""ownername"": ""黑麵之路‧不由分說"", ""datetaken"": ""2017-08-19 17:42:58"", ""max_width"": 8256, ""max_height"": 6192, ""url_max"": ""https://live.staticflickr.com/4411/36542206752_dfd77b3fda_o.jpg"", ""max_width_2000"": 1600, ""max_height_2000"": 1200, ""url_max_2000"": ""https://live.staticflickr.com/4411/36542206752_0aca2926e9_h.jpg"", ""flickr_page"": ""https://www.flickr.com/photos/70202166@N00/36542206752"", ""camera"": ""Fujifilm GFX 50S"", ""create_date"": ""2017:08:19 17:42:58"", ""lens_model"": ""GF110mmF2 R LM WR"", ""iso"": ""1250"", ""exposure_time"": ""1/60"", ""exposure_program"": ""Manual"", ""exposure_compensation"": ""0"", ""aperture"": ""2.0"", ""focal_length"": ""110.0 mm"", ""focal_length_in35mm"": ""87 mm"", ""white_balance"": ""Auto"", ""metering_mode"": ""Multi-segment"", ""flash"": ""No Flash"", ""pageid"": ""290""}"
36316533360|70202166@N00|290|Fujifilm GFX 50S|Fujifilm|70202166@N00_Fujifilm_51ba4da6.json|"{""id"": ""36316533360"", ""owner"": ""70202166@N00"", ""title"": ""DSCF0544"", ""realname"": """", ""ownername"": ""黑麵之路‧不由分說"", ""datetaken"": ""2017-08-19 18:20:37"", ""max_width"": 8256, ""max_height"": 6192, ""url_max"": ""https://live.staticflickr.com/4426/36316533360_2b5df83a93_o.jpg"", ""max_width_2000"": 1536, ""max_height_2000"": 2048, ""url_max_2000"": ""https://live.staticflickr.com/4426/36316533360_581efc9db4_k.jpg"", ""flickr_page"": ""https://www.flickr.com/photos/70202166@N00/36316533360"", ""camera"": ""Fujifilm GFX 50S"", ""create_date"": ""2017:08:19 18:20:37"", ""lens_model"": ""GF110mmF2 R LM WR"", ""iso"": ""800"", ""exposure_time"": ""1/125"", ""exposure_program"": ""Manual"", ""exposure_compensation"": ""0"", ""aperture"": ""2.0"", ""focal_length"": ""110.0 mm"", ""focal_length_in35mm"": ""87 mm"", ""white_balance"": ""Auto"", ""metering_mode"": ""Multi-segment"", ""flash"": ""No Flash"", ""pageid"": ""290""}"
36316536140|70202166@N00|290|Fujifilm GFX 50S|Fujifilm|70202166@N00_Fujifilm_51ba4da6.json|"{""id"": ""36316536140"", ""owner"": ""70202166@N00"", ""title"": ""DSCF0543"", ""realname"": """", ""ownername"": ""黑麵之路‧不由分說"", ""datetaken"": ""2017-08-19 18:19:59"", ""max_width"": 8256, ""max_height"": 6192, ""url_max"": ""https://live.staticflickr.com/4377/36316536140_c0309fdded_o.jpg"", ""max_width_2000"": 1536, ""max_height_2000"": 2048, ""url_max_2000"": ""https://live.staticflickr.com/4377/36316536140_edb0385463_k.jpg"", ""flickr_page"": ""https://www.flickr.com/photos/70202166@N00/36316536140"", ""camera"": ""Fujifilm GFX 50S"", ""create_date"": ""2017:08:19 18:19:59"", ""lens_model"": ""GF110mmF2 R LM WR"", ""iso"": ""400"", ""exposure_time"": ""1/125"", ""exposure_program"": ""Manual"", ""exposure_compensation"": ""0"", ""aperture"": ""2.0"", ""focal_length"": ""110.0 mm"", ""focal_length_in35mm"": ""87 mm"", ""white_balance"": ""Auto"", ""metering_mode"": ""Multi-segment"", ""flash"": ""No Flash"", ""pageid"": ""290""}"
36542211212|70202166@N00|290|Fujifilm GFX 50S|Fujifilm|70202166@N00_Fujifilm_51ba4da6.json|"{""id"": ""36542211212"", ""owner"": ""70202166@N00"", ""title"": ""DSCF0522"", ""realname"": """", ""ownername"": ""黑麵之路‧不由分說"", ""datetaken"": ""2017-08-19 17:40:24"", ""max_width"": 8256, ""max_height"": 6192, ""url_max"": ""https://live.staticflickr.com/4351/36542211212_bbeb48230d_o.jpg"", ""max_width_2000"": 1600, ""max_height_2000"": 1200, ""url_max_2000"": ""https://live.staticflickr.com/4351/36542211212_45cd391494_h.jpg"", ""flickr_page"": ""https://www.flickr.com/photos/70202166@N00/36542211212"", ""camera"": ""Fujifilm GFX 50S"", ""create_date"": ""2017:08:19 17:40:24"", ""lens_model"": ""GF110mmF2 R LM WR"", ""iso"": ""1250"", ""exposure_time"": ""1/60"", ""exposure_program"": ""Manual"", ""exposure_compensation"": ""0"", ""aperture"": ""2.0"", ""focal_length"": ""110.0 mm"", ""focal_length_in35mm"": ""87 mm"", ""white_balance"": ""Auto"", ""metering_mode"": ""Multi-segment"", ""flash"": ""No Flash"", ""pageid"": ""290""}"
36542212392|70202166@N00|290|Fujifilm GFX 50S|Fujifilm|70202166@N00_Fujifilm_51ba4da6.json|"{""id"": ""36542212392"", ""owner"": ""70202166@N00"", ""title"": ""DSCF0519"", ""realname"": """", ""ownername"": ""黑麵之路‧不由分說"", ""datetaken"": ""2017-08-19 17:40:08"", ""max_width"": 8256, ""max_height"": 6192, ""url_max"": ""https://live.staticflickr.com/4351/36542212392_aaa4c05ff1_o.jpg"", ""max_width_2000"": 1600, ""max_height_2000"": 1200, ""url_max_2000"": ""https://live.staticflickr.com/4351/36542212392_7c71fe1877_h.jpg"", ""flickr_page"": ""https://www.flickr.com/photos/70202166@N00/36542212392"", ""camera"": ""Fujifilm GFX 50S"", ""create_date"": ""2017:08:19 17:40:08"", ""lens_model"": ""GF110mmF2 R LM WR"", ""iso"": ""1250"", ""exposure_time"": ""1/60"", ""exposure_program"": ""Manual"", ""exposure_compensation"": ""0"", ""aperture"": ""2.0"", ""focal_length"": ""110.0 mm"", ""focal_length_in35mm"": ""87 mm"", ""white_balance"": ""Auto"", ""metering_mode"": ""Multi-segment"", ""flash"": ""No Flash"", ""pageid"": ""290""}"
36316571370|70202166@N00|290|Fujifilm GFX 50S|Fujifilm|70202166@N00_Fujifilm_51ba4da6.json|"{""id"": ""36316571370"", ""owner"": ""70202166@N00"", ""title"": ""DSCF0484"", ""realname"": """", ""ownername"": ""黑麵之路‧不由分說"", ""datetaken"": ""2017-08-19 11:42:30"", ""max_width"": 8256, ""max_height"": 6192, ""url_max"": ""https://live.staticflickr.com/4345/36316571370_0691ef80e8_o.jpg"", ""max_width_2000"": 1536, ""max_height_2000"": 2048, ""url_max_2000"": ""https://live.staticflickr.com/4345/36316571370_0820718119_k.jpg"", ""flickr_page"": ""https://www.flickr.com/photos/70202166@N00/36316571370"", ""camera"": ""Fujifilm GFX 50S"", ""create_date"": ""2017:08:19 11:42:30"", ""lens_model"": ""GF110mmF2 R LM WR"", ""iso"": ""100"", ""exposure_time"": ""1/220"", ""exposure_program"": ""Aperture-priority AE"", ""exposure_compensation"": ""+1"", ""aperture"": ""2.0"", ""focal_length"": ""110.0 mm"", ""focal_length_in35mm"": ""87 mm"", ""white_balance"": ""Auto"", ""metering_mode"": ""Multi-segment"", ""flash"": ""No Flash"", ""pageid"": ""290""}"
36542210312|70202166@N00|290|Fujifilm GFX 50S|Fujifilm|70202166@N00_Fujifilm_51ba4da6.json|"{""id"": ""36542210312"", ""owner"": ""70202166@N00"", ""title"": ""DSCF0523"", ""realname"": """", ""ownername"": ""黑麵之路‧不由分說"", ""datetaken"": ""2017-08-19 17:40:40"", ""max_width"": 8256, ""max_height"": 6192, ""url_max"": ""https://live.staticflickr.com/4401/36542210312_ce7e3c05ca_o.jpg"", ""max_width_2000"": 1600, ""max_height_2000"": 1200, ""url_max_2000"": ""https://live.staticflickr.com/4401/36542210312_32c49f6f4f_h.jpg"", ""flickr_page"": ""https://www.flickr.com/photos/70202166@N00/36542210312"", ""camera"": ""Fujifilm GFX 50S"", ""create_date"": ""2017:08:19 17:40:40"", ""lens_model"": ""GF110mmF2 R LM WR"", ""iso"": ""1250"", ""exposure_time"": ""1/60"", ""exposure_program"": ""Manual"", ""exposure_compensation"": ""0"", ""aperture"": ""2.0"", ""focal_length"": ""110.0 mm"", ""focal_length_in35mm"": ""87 mm"", ""white_balance"": ""Auto"", ""metering_mode"": ""Multi-segment"", ""flash"": ""No Flash"", ""pageid"": ""290""}"
36573090811|70202166@N00|290|Fujifilm GFX 50S|Fujifilm|70202166@N00_Fujifilm_51ba4da6.json|"{""id"": ""36573090811"", ""owner"": ""70202166@N00"", ""title"": ""DSCF0509"", ""realname"": """", ""ownername"": ""黑麵之路‧不由分說"", ""datetaken"": ""2017-08-19 17:33:57"", ""max_width"": 8256, ""max_height"": 6192, ""url_max"": ""https://live.staticflickr.com/4347/36573090811_a529035394_o.jpg"", ""max_width_2000"": 1600, ""max_height_2000"": 1200, ""url_max_2000"": ""https://live.staticflickr.com/4347/36573090811_d5164aaefe_h.jpg"", ""flickr_page"": ""https://www.flickr.com/photos/70202166@N00/36573090811"", ""camera"": ""Fujifilm GFX 50S"", ""create_date"": ""2017:08:19 17:33:57"", ""lens_model"": ""GF110mmF2 R LM WR"", ""iso"": ""800"", ""exposure_time"": ""1/125"", ""exposure_program"": ""Manual"", ""exposure_compensation"": ""0"", ""aperture"": ""2.0"", ""focal_length"": ""110.0 mm"", ""focal_length_in35mm"": ""87 mm"", ""white_balance"": ""Auto"", ""metering_mode"": ""Multi-segment"", ""flash"": ""No Flash"", ""pageid"": ""290""}"
36573093561|70202166@N00|290|Fujifilm GFX 50S|Fujifilm|70202166@N00_Fujifilm_51ba4da6.json|"{""id"": ""36573093561"", ""owner"": ""70202166@N00"", ""title"": ""DSCF0506"", ""realname"": """", ""ownername"": ""黑麵之路‧不由分說"", ""datetaken"": ""2017-08-19 17:23:51"", ""max_width"": 8256, ""max_height"": 6192, ""url_max"": ""https://live.staticflickr.com/4370/36573093561_944c0a7647_o.jpg"", ""max_width_2000"": 1600, ""max_height_2000"": 1200, ""url_max_2000"": ""https://live.staticflickr.com/4370/36573093561_8256a30923_h.jpg"", ""flickr_page"": ""https://www.flickr.com/photos/70202166@N00/36573093561"", ""camera"": ""Fujifilm GFX 50S"", ""create_date"": ""2017:08:19 17:23:51"", ""lens_model"": ""GF110mmF2 R LM WR"", ""iso"": ""800"", ""exposure_time"": ""1/125"", ""exposure_program"": ""Manual"", ""exposure_compensation"": ""0"", ""aperture"": ""2.0"", ""focal_length"": ""110.0 mm"", ""focal_length_in35mm"": ""87 mm"", ""white_balance"": ""Auto"", ""metering_mode"": ""Multi-segment"", ""flash"": ""No Flash"", ""pageid"": ""290""}"
36665692066|70202166@N00|290|Fujifilm GFX 50S|Fujifilm|70202166@N00_Fujifilm_51ba4da6.json|"{""id"": ""36665692066"", ""owner"": ""70202166@N00"", ""title"": ""DSCF0487"", ""realname"": """", ""ownername"": ""黑麵之路‧不由分說"", ""datetaken"": ""2017-08-19 11:45:21"", ""max_width"": 8256, ""max_height"": 6192, ""url_max"": ""https://live.staticflickr.com/4418/36665692066_75e876274a_o.jpg"", ""max_width_2000"": 1536, ""max_height_2000"": 2048, ""url_max_2000"": ""https://live.staticflickr.com/4418/36665692066_1db1428295_k.jpg"", ""flickr_page"": ""https://www.flickr.com/photos/70202166@N00/36665692066"", ""camera"": ""Fujifilm GFX 50S"", ""create_date"": ""2017:08:19 11:45:21"", ""lens_model"": ""GF110mmF2 R LM WR"", ""iso"": ""100"", ""exposure_time"": ""1/400"", ""exposure_program"": ""Aperture-priority AE"", ""exposure_compensation"": ""+1"", ""aperture"": ""2.0"", ""focal_length"": ""110.0 mm"", ""focal_length_in35mm"": ""87 mm"", ""white_balance"": ""Auto"", ""metering_mode"": ""Multi-segment"", ""flash"": ""No Flash"", ""pageid"": ""290""}"
36665692976|70202166@N00|290|Fujifilm GFX 50S|Fujifilm|70202166@N00_Fujifilm_51ba4da6.json|"{""id"": ""36665692976"", ""owner"": ""70202166@N00"", ""title"": ""DSCF0483"", ""realname"": """", ""ownername"": ""黑麵之路‧不由分說"", ""datetaken"": ""2017-08-19 11:37:49"", ""max_width"": 8256, ""max_height"": 6192, ""url_max"": ""https://live.staticflickr.com/4407/36665692976_93214625e3_o.jpg"", ""max_width_2000"": 1600, ""max_height_2000"": 1200, ""url_max_2000"": ""https://live.staticflickr.com/4407/36665692976_c50aa7aeb7_h.jpg"", ""flickr_page"": ""https://www.flickr.com/photos/70202166@N00/36665692976"", ""camera"": ""Fujifilm GFX 50S"", ""create_date"": ""2017:08:19 11:37:49"", ""lens_model"": ""GF110mmF2 R LM WR"", ""iso"": ""100"", ""exposure_time"": ""1/750"", ""exposure_program"": ""Aperture-priority AE"", ""exposure_compensation"": ""+1"", ""aperture"": ""2.0"", ""focal_length"": ""110.0 mm"", ""focal_length_in35mm"": ""87 mm"", ""white_balance"": ""Auto"", ""metering_mode"": ""Multi-segment"", ""flash"": ""No Flash"", ""pageid"": ""290""}"
36573092281|70202166@N00|290|Fujifilm GFX 50S|Fujifilm|70202166@N00_Fujifilm_51ba4da6.json|"{""id"": ""36573092281"", ""owner"": ""70202166@N00"", ""title"": ""DSCF0507"", ""realname"": """", ""ownername"": ""黑麵之路‧不由分說"", ""datetaken"": ""2017-08-19 17:25:08"", ""max_width"": 8256, ""max_height"": 6192, ""url_max"": ""https://live.staticflickr.com/4393/36573092281_d9df19eebc_o.jpg"", ""max_width_2000"": 1600, ""max_height_2000"": 1200, ""url_max_2000"": ""https://live.staticflickr.com/4393/36573092281_df3cca0b87_h.jpg"", ""flickr_page"": ""https://www.flickr.com/photos/70202166@N00/36573092281"", ""camera"": ""Fujifilm GFX 50S"", ""create_date"": ""2017:08:19 17:25:08"", ""lens_model"": ""GF110mmF2 R LM WR"", ""iso"": ""800"", ""exposure_time"": ""1/125"", ""exposure_program"": ""Manual"", ""exposure_compensation"": ""0"", ""aperture"": ""2.0"", ""focal_length"": ""110.0 mm"", ""focal_length_in35mm"": ""87 mm"", ""white_balance"": ""Auto"", ""metering_mode"": ""Multi-segment"", ""flash"": ""No Flash"", ""pageid"": ""290""}"
36316574590|70202166@N00|290|Fujifilm GFX 50S|Fujifilm|70202166@N00_Fujifilm_51ba4da6.json|"{""id"": ""36316574590"", ""owner"": ""70202166@N00"", ""title"": ""DSCF0482"", ""realname"": """", ""ownername"": ""黑麵之路‧不由分說"", ""datetaken"": ""2017-08-19 11:37:46"", ""max_width"": 8256, ""max_height"": 6192, ""url_max"": ""https://live.staticflickr.com/4346/36316574590_e12f1d73f1_o.jpg"", ""max_width_2000"": 1600, ""max_height_2000"": 1200, ""url_max_2000"": ""https://live.staticflickr.com/4346/36316574590_73ea7faab4_h.jpg"", ""flickr_page"": ""https://www.flickr.com/photos/70202166@N00/36316574590"", ""camera"": ""Fujifilm GFX 50S"", ""create_date"": ""2017:08:19 11:37:46"", ""lens_model"": ""GF110mmF2 R LM WR"", ""iso"": ""100"", ""exposure_time"": ""1/640"", ""exposure_program"": ""Aperture-priority AE"", ""exposure_compensation"": ""+1"", ""aperture"": ""2.0"", ""focal_length"": ""110.0 mm"", ""focal_length_in35mm"": ""87 mm"", ""white_balance"": ""Auto"", ""metering_mode"": ""Multi-segment"", ""flash"": ""No Flash"", ""pageid"": ""290""}"
36665659826|70202166@N00|290|Fujifilm GFX 50S|Fujifilm|70202166@N00_Fujifilm_51ba4da6.json|"{""id"": ""36665659826"", ""owner"": ""70202166@N00"", ""title"": ""DSCF0481"", ""realname"": """", ""ownername"": ""黑麵之路‧不由分說"", ""datetaken"": ""2017-08-19 11:37:39"", ""max_width"": 8256, ""max_height"": 6192, ""url_max"": ""https://live.staticflickr.com/4420/36665659826_25f9f774e9_o.jpg"", ""max_width_2000"": 1600, ""max_height_2000"": 1200, ""url_max_2000"": ""https://live.staticflickr.com/4420/36665659826_407b762a13_h.jpg"", ""flickr_page"": ""https://www.flickr.com/photos/70202166@N00/36665659826"", ""camera"": ""Fujifilm GFX 50S"", ""create_date"": ""2017:08:19 11:37:39"", ""lens_model"": ""GF110mmF2 R LM WR"", ""iso"": ""100"", ""exposure_time"": ""1/900"", ""exposure_program"": ""Aperture-priority AE"", ""exposure_compensation"": ""+1"", ""aperture"": ""2.0"", ""focal_length"": ""110.0 mm"", ""focal_length_in35mm"": ""87 mm"", ""white_balance"": ""Auto"", ""metering_mode"": ""Multi-segment"", ""flash"": ""No Flash"", ""pageid"": ""290""}"
36316577240|70202166@N00|290|Fujifilm GFX 50S|Fujifilm|70202166@N00_Fujifilm_51ba4da6.json|"{""id"": ""36316577240"", ""owner"": ""70202166@N00"", ""title"": ""DSCF0475"", ""realname"": """", ""ownername"": ""黑麵之路‧不由分說"", ""datetaken"": ""2017-08-19 11:18:14"", ""max_width"": 8256, ""max_height"": 6192, ""url_max"": ""https://live.staticflickr.com/4354/36316577240_9026ae8f15_o.jpg"", ""max_width_2000"": 1536, ""max_height_2000"": 2048, ""url_max_2000"": ""https://live.staticflickr.com/4354/36316577240_4a421217c8_k.jpg"", ""flickr_page"": ""https://www.flickr.com/photos/70202166@N00/36316577240"", ""camera"": ""Fujifilm GFX 50S"", ""create_date"": ""2017:08:19 11:18:14"", ""lens_model"": ""GF110mmF2 R LM WR"", ""iso"": ""100"", ""exposure_time"": ""1/125"", ""exposure_program"": ""Aperture-priority AE"", ""exposure_compensation"": ""+2"", ""aperture"": ""2.0"", ""focal_length"": ""110.0 mm"", ""focal_length_in35mm"": ""87 mm"", ""white_balance"": ""Auto"", ""metering_mode"": ""Multi-segment"", ""flash"": ""No Flash"", ""pageid"": ""290""}"
36665694036|70202166@N00|290|Fujifilm GFX 50S|Fujifilm|70202166@N00_Fujifilm_51ba4da6.json|"{""id"": ""36665694036"", ""owner"": ""70202166@N00"", ""title"": ""DSCF0478"", ""realname"": """", ""ownername"": ""黑麵之路‧不由分說"", ""datetaken"": ""2017-08-19 11:30:24"", ""max_width"": 8256, ""max_height"": 6192, ""url_max"": ""https://live.staticflickr.com/4363/36665694036_28b8a62554_o.jpg"", ""max_width_2000"": 1600, ""max_height_2000"": 1200, ""url_max_2000"": ""https://live.staticflickr.com/4363/36665694036_954fd71061_h.jpg"", ""flickr_page"": ""https://www.flickr.com/photos/70202166@N00/36665694036"", ""camera"": ""Fujifilm GFX 50S"", ""create_date"": ""2017:08:19 11:30:24"", ""lens_model"": ""GF110mmF2 R LM WR"", ""iso"": ""100"", ""exposure_time"": ""1/850"", ""exposure_program"": ""Aperture-priority AE"", ""exposure_compensation"": ""+1"", ""aperture"": ""2.0"", ""focal_length"": ""110.0 mm"", ""focal_length_in35mm"": ""87 mm"", ""white_balance"": ""Auto"", ""metering_mode"": ""Multi-segment"", ""flash"": ""No Flash"", ""pageid"": ""290""}"
36316576490|70202166@N00|290|Fujifilm GFX 50S|Fujifilm|70202166@N00_Fujifilm_51ba4da6.json|"{""id"": ""36316576490"", ""owner"": ""70202166@N00"", ""title"": ""DSCF0476"", ""realname"": """", ""ownername"": ""黑麵之路‧不由分說"", ""datetaken"": ""2017-08-19 11:18:17"", ""max_width"": 8256, ""max_height"": 6192, ""url_max"": ""https://live.staticflickr.com/4352/36316576490_a2b7459ab9_o.jpg"", ""max_width_2000"": 1536, ""max_height_2000"": 2048, ""url_max_2000"": ""https://live.staticflickr.com/4352/36316576490_417c11dfdd_k.jpg"", ""flickr_page"": ""https://www.flickr.com/photos/70202166@N00/36316576490"", ""camera"": ""Fujifilm GFX 50S"", ""create_date"": ""2017:08:19 11:18:17"", ""lens_model"": ""GF110mmF2 R LM WR"", ""iso"": ""100"", ""exposure_time"": ""1/160"", ""exposure_program"": ""Aperture-priority AE"", ""exposure_compensation"": ""+2"", ""aperture"": ""2.0"", ""focal_length"": ""110.0 mm"", ""focal_length_in35mm"": ""87 mm"", ""white_balance"": ""Auto"", ""metering_mode"": ""Multi-segment"", ""flash"": ""No Flash"", ""pageid"": ""290""}"
36316578210|70202166@N00|290|Fujifilm GFX 50S|Fujifilm|70202166@N00_Fujifilm_51ba4da6.json|"{""id"": ""36316578210"", ""owner"": ""70202166@N00"", ""title"": ""DSCF0474"", ""realname"": """", ""ownername"": ""黑麵之路‧不由分說"", ""datetaken"": ""2017-08-19 11:18:11"", ""max_width"": 8256, ""max_height"": 6192, ""url_max"": ""https://live.staticflickr.com/4391/36316578210_84616cdfe9_o.jpg"", ""max_width_2000"": 1536, ""max_height_2000"": 2048, ""url_max_2000"": ""https://live.staticflickr.com/4391/36316578210_cc1dbfe057_k.jpg"", ""flickr_page"": ""https://www.flickr.com/photos/70202166@N00/36316578210"", ""camera"": ""Fujifilm GFX 50S"", ""create_date"": ""2017:08:19 11:18:11"", ""lens_model"": ""GF110mmF2 R LM WR"", ""iso"": ""100"", ""exposure_time"": ""1/120"", ""exposure_program"": ""Aperture-priority AE"", ""exposure_compensation"": ""+2"", ""aperture"": ""2.0"", ""focal_length"": ""110.0 mm"", ""focal_length_in35mm"": ""87 mm"", ""white_balance"": ""Auto"", ""metering_mode"": ""Multi-segment"", ""flash"": ""No Flash"", ""pageid"": ""290""}"
36316579440|70202166@N00|291|Fujifilm GFX 50S|Fujifilm|70202166@N00_Fujifilm_51ba4da6.json|"{""id"": ""36316579440"", ""owner"": ""70202166@N00"", ""title"": ""DSCF0473"", ""realname"": """", ""ownername"": ""黑麵之路‧不由分說"", ""datetaken"": ""2017-08-19 11:18:07"", ""max_width"": 8256, ""max_height"": 6192, ""url_max"": ""https://live.staticflickr.com/4400/36316579440_861048e758_o.jpg"", ""max_width_2000"": 1536, ""max_height_2000"": 2048, ""url_max_2000"": ""https://live.staticflickr.com/4400/36316579440_c61747bf7a_k.jpg"", ""flickr_page"": ""https://www.flickr.com/photos/70202166@N00/36316579440"", ""camera"": ""Fujifilm GFX 50S"", ""create_date"": ""2017:08:19 11:18:07"", ""lens_model"": ""GF110mmF2 R LM WR"", ""iso"": ""100"", ""exposure_time"": ""1/180"", ""exposure_program"": ""Aperture-priority AE"", ""exposure_compensation"": ""+2"", ""aperture"": ""2.0"", ""focal_length"": ""110.0 mm"", ""focal_length_in35mm"": ""87 mm"", ""white_balance"": ""Auto"", ""metering_mode"": ""Multi-segment"", ""flash"": ""No Flash"", ""pageid"": ""291""}"
36316580490|70202166@N00|291|Fujifilm GFX 50S|Fujifilm|70202166@N00_Fujifilm_51ba4da6.json|"{""id"": ""36316580490"", ""owner"": ""70202166@N00"", ""title"": ""DSCF0471"", ""realname"": """", ""ownername"": ""黑麵之路‧不由分說"", ""datetaken"": ""2017-08-19 11:17:56"", ""max_width"": 8256, ""max_height"": 6192, ""url_max"": ""https://live.staticflickr.com/4388/36316580490_ac3d25dec5_o.jpg"", ""max_width_2000"": 1536, ""max_height_2000"": 2048, ""url_max_2000"": ""https://live.staticflickr.com/4388/36316580490_d596f7e794_k.jpg"", ""flickr_page"": ""https://www.flickr.com/photos/70202166@N00/36316580490"", ""camera"": ""Fujifilm GFX 50S"", ""create_date"": ""2017:08:19 11:17:56"", ""lens_model"": ""GF110mmF2 R LM WR"", ""iso"": ""100"", ""exposure_time"": ""1/200"", ""exposure_program"": ""Aperture-priority AE"", ""exposure_compensation"": ""+2"", ""aperture"": ""2.0"", ""focal_length"": ""110.0 mm"", ""focal_length_in35mm"": ""87 mm"", ""white_balance"": ""Auto"", ""metering_mode"": ""Multi-segment"", ""flash"": ""No Flash"", ""pageid"": ""291""}"
36316587420|70202166@N00|291|Fujifilm GFX 50S|Fujifilm|70202166@N00_Fujifilm_51ba4da6.json|"{""id"": ""36316587420"", ""owner"": ""70202166@N00"", ""title"": ""DSCF0457"", ""realname"": """", ""ownername"": ""黑麵之路‧不由分說"", ""datetaken"": ""2017-08-19 11:14:24"", ""max_width"": 8256, ""max_height"": 6192, ""url_max"": ""https://live.staticflickr.com/4341/36316587420_1d4dbe8c8c_o.jpg"", ""max_width_2000"": 1600, ""max_height_2000"": 1200, ""url_max_2000"": ""https://live.staticflickr.com/4341/36316587420_cb16d0a9ef_h.jpg"", ""flickr_page"": ""https://www.flickr.com/photos/70202166@N00/36316587420"", ""camera"": ""Fujifilm GFX 50S"", ""create_date"": ""2017:08:19 11:14:24"", ""lens_model"": ""GF110mmF2 R LM WR"", ""iso"": ""100"", ""exposure_time"": ""1/600"", ""exposure_program"": ""Aperture-priority AE"", ""exposure_compensation"": ""+2"", ""aperture"": ""2.0"", ""focal_length"": ""110.0 mm"", ""focal_length_in35mm"": ""87 mm"", ""white_balance"": ""Auto"", ""metering_mode"": ""Multi-segment"", ""flash"": ""No Flash"", ""pageid"": ""291""}"
36316583690|70202166@N00|291|Fujifilm GFX 50S|Fujifilm|70202166@N00_Fujifilm_51ba4da6.json|"{""id"": ""36316583690"", ""owner"": ""70202166@N00"", ""title"": ""DSCF0466"", ""realname"": """", ""ownername"": ""黑麵之路‧不由分說"", ""datetaken"": ""2017-08-19 11:17:27"", ""max_width"": 8256, ""max_height"": 6192, ""url_max"": ""https://live.staticflickr.com/4379/36316583690_b6c12aea6a_o.jpg"", ""max_width_2000"": 1600, ""max_height_2000"": 1200, ""url_max_2000"": ""https://live.staticflickr.com/4379/36316583690_c799576d6b_h.jpg"", ""flickr_page"": ""https://www.flickr.com/photos/70202166@N00/36316583690"", ""camera"": ""Fujifilm GFX 50S"", ""create_date"": ""2017:08:19 11:17:27"", ""lens_model"": ""GF110mmF2 R LM WR"", ""iso"": ""100"", ""exposure_time"": ""1/120"", ""exposure_program"": ""Aperture-priority AE"", ""exposure_compensation"": ""+2"", ""aperture"": ""2.0"", ""focal_length"": ""110.0 mm"", ""focal_length_in35mm"": ""87 mm"", ""white_balance"": ""Auto"", ""metering_mode"": ""Multi-segment"", ""flash"": ""No Flash"", ""pageid"": ""291""}"
36316584370|70202166@N00|291|Fujifilm GFX 50S|Fujifilm|70202166@N00_Fujifilm_51ba4da6.json|"{""id"": ""36316584370"", ""owner"": ""70202166@N00"", ""title"": ""DSCF0464"", ""realname"": """", ""ownername"": ""黑麵之路‧不由分說"", ""datetaken"": ""2017-08-19 11:17:21"", ""max_width"": 8256, ""max_height"": 6192, ""url_max"": ""https://live.staticflickr.com/4431/36316584370_43162e69df_o.jpg"", ""max_width_2000"": 1600, ""max_height_2000"": 1200, ""url_max_2000"": ""https://live.staticflickr.com/4431/36316584370_a8973d7f41_h.jpg"", ""flickr_page"": ""https://www.flickr.com/photos/70202166@N00/36316584370"", ""camera"": ""Fujifilm GFX 50S"", ""create_date"": ""2017:08:19 11:17:21"", ""lens_model"": ""GF110mmF2 R LM WR"", ""iso"": ""100"", ""exposure_time"": ""1/120"", ""exposure_program"": ""Aperture-priority AE"", ""exposure_compensation"": ""+2"", ""aperture"": ""2.0"", ""focal_length"": ""110.0 mm"", ""focal_length_in35mm"": ""87 mm"", ""white_balance"": ""Auto"", ""metering_mode"": ""Multi-segment"", ""flash"": ""No Flash"", ""pageid"": ""291""}"
36316585950|70202166@N00|291|Fujifilm GFX 50S|Fujifilm|70202166@N00_Fujifilm_51ba4da6.json|"{""id"": ""36316585950"", ""owner"": ""70202166@N00"", ""title"": ""DSCF0461"", ""realname"": """", ""ownername"": ""黑麵之路‧不由分說"", ""datetaken"": ""2017-08-19 11:15:32"", ""max_width"": 8256, ""max_height"": 6192, ""url_max"": ""https://live.staticflickr.com/4412/36316585950_fae2148eb6_o.jpg"", ""max_width_2000"": 1600, ""max_height_2000"": 1200, ""url_max_2000"": ""https://live.staticflickr.com/4412/36316585950_28146ec21b_h.jpg"", ""flickr_page"": ""https://www.flickr.com/photos/70202166@N00/36316585950"", ""camera"": ""Fujifilm GFX 50S"", ""create_date"": ""2017:08:19 11:15:32"", ""lens_model"": ""GF110mmF2 R LM WR"", ""iso"": ""100"", ""exposure_time"": ""1/280"", ""exposure_program"": ""Aperture-priority AE"", ""exposure_compensation"": ""+2"", ""aperture"": ""2.0"", ""focal_length"": ""110.0 mm"", ""focal_length_in35mm"": ""87 mm"", ""white_balance"": ""Auto"", ""metering_mode"": ""Multi-segment"", ""flash"": ""No Flash"", ""pageid"": ""291""}"
36542246272|70202166@N00|291|Fujifilm GFX 50S|Fujifilm|70202166@N00_Fujifilm_51ba4da6.json|"{""id"": ""36542246272"", ""owner"": ""70202166@N00"", ""title"": ""DSCF0460"", ""realname"": """", ""ownername"": ""黑麵之路‧不由分說"", ""datetaken"": ""2017-08-19 11:15:30"", ""max_width"": 8256, ""max_height"": 6192, ""url_max"": ""https://live.staticflickr.com/4431/36542246272_045182103c_o.jpg"", ""max_width_2000"": 1600, ""max_height_2000"": 1200, ""url_max_2000"": ""https://live.staticflickr.com/4431/36542246272_eb53eaa15b_h.jpg"", ""flickr_page"": ""https://www.flickr.com/photos/70202166@N00/36542246272"", ""camera"": ""Fujifilm GFX 50S"", ""create_date"": ""2017:08:19 11:15:30"", ""lens_model"": ""GF110mmF2 R LM WR"", ""iso"": ""100"", ""exposure_time"": ""1/220"", ""exposure_program"": ""Aperture-priority AE"", ""exposure_compensation"": ""+2"", ""aperture"": ""2.0"", ""focal_length"": ""110.0 mm"", ""focal_length_in35mm"": ""87 mm"", ""white_balance"": ""Auto"", ""metering_mode"": ""Multi-segment"", ""flash"": ""No Flash"", ""pageid"": ""291""}"
36316581620|70202166@N00|291|Fujifilm GFX 50S|Fujifilm|70202166@N00_Fujifilm_51ba4da6.json|"{""id"": ""36316581620"", ""owner"": ""70202166@N00"", ""title"": ""DSCF0468"", ""realname"": """", ""ownername"": ""黑麵之路‧不由分說"", ""datetaken"": ""2017-08-19 11:17:42"", ""max_width"": 8256, ""max_height"": 6192, ""url_max"": ""https://live.staticflickr.com/4429/36316581620_92cfc23fd7_o.jpg"", ""max_width_2000"": 1536, ""max_height_2000"": 2048, ""url_max_2000"": ""https://live.staticflickr.com/4429/36316581620_eeabfe04a6_k.jpg"", ""flickr_page"": ""https://www.flickr.com/photos/70202166@N00/36316581620"", ""camera"": ""Fujifilm GFX 50S"", ""create_date"": ""2017:08:19 11:17:42"", ""lens_model"": ""GF110mmF2 R LM WR"", ""iso"": ""100"", ""exposure_time"": ""1/200"", ""exposure_program"": ""Aperture-priority AE"", ""exposure_compensation"": ""+2"", ""aperture"": ""2.0"", ""focal_length"": ""110.0 mm"", ""focal_length_in35mm"": ""87 mm"", ""white_balance"": ""Auto"", ""metering_mode"": ""Multi-segment"", ""flash"": ""No Flash"", ""pageid"": ""291""}"
36542246732|70202166@N00|291|Fujifilm GFX 50S|Fujifilm|70202166@N00_Fujifilm_51ba4da6.json|"{""id"": ""36542246732"", ""owner"": ""70202166@N00"", ""title"": ""DSCF0459"", ""realname"": """", ""ownername"": ""黑麵之路‧不由分說"", ""datetaken"": ""2017-08-19 11:14:41"", ""max_width"": 8256, ""max_height"": 6192, ""url_max"": ""https://live.staticflickr.com/4404/36542246732_ea54ed2a4e_o.jpg"", ""max_width_2000"": 1600, ""max_height_2000"": 1200, ""url_max_2000"": ""https://live.staticflickr.com/4404/36542246732_36e288241a_h.jpg"", ""flickr_page"": ""https://www.flickr.com/photos/70202166@N00/36542246732"", ""camera"": ""Fujifilm GFX 50S"", ""create_date"": ""2017:08:19 11:14:41"", ""lens_model"": ""GF110mmF2 R LM WR"", ""iso"": ""100"", ""exposure_time"": ""1/450"", ""exposure_program"": ""Aperture-priority AE"", ""exposure_compensation"": ""+2"", ""aperture"": ""2.0"", ""focal_length"": ""110.0 mm"", ""focal_length_in35mm"": ""87 mm"", ""white_balance"": ""Auto"", ""metering_mode"": ""Multi-segment"", ""flash"": ""No Flash"", ""pageid"": ""291""}"
36316582720|70202166@N00|291|Fujifilm GFX 50S|Fujifilm|70202166@N00_Fujifilm_51ba4da6.json|"{""id"": ""36316582720"", ""owner"": ""70202166@N00"", ""title"": ""DSCF0467"", ""realname"": """", ""ownername"": ""黑麵之路‧不由分說"", ""datetaken"": ""2017-08-19 11:17:32"", ""max_width"": 8256, ""max_height"": 6192, ""url_max"": ""https://live.staticflickr.com/4338/36316582720_fd5495e979_o.jpg"", ""max_width_2000"": 1600, ""max_height_2000"": 1200, ""url_max_2000"": ""https://live.staticflickr.com/4338/36316582720_8c4019d4de_h.jpg"", ""flickr_page"": ""https://www.flickr.com/photos/70202166@N00/36316582720"", ""camera"": ""Fujifilm GFX 50S"", ""create_date"": ""2017:08:19 11:17:32"", ""lens_model"": ""GF110mmF2 R LM WR"", ""iso"": ""100"", ""exposure_time"": ""1/120"", ""exposure_program"": ""Aperture-priority AE"", ""exposure_compensation"": ""+2"", ""aperture"": ""2.0"", ""focal_length"": ""110.0 mm"", ""focal_length_in35mm"": ""87 mm"", ""white_balance"": ""Auto"", ""metering_mode"": ""Multi-segment"", ""flash"": ""No Flash"", ""pageid"": ""291""}"
36665704836|70202166@N00|291|Fujifilm GFX 50S|Fujifilm|70202166@N00_Fujifilm_51ba4da6.json|"{""id"": ""36665704836"", ""owner"": ""70202166@N00"", ""title"": ""DSCF0445"", ""realname"": """", ""ownername"": ""黑麵之路‧不由分說"", ""datetaken"": ""2017-08-19 11:10:29"", ""max_width"": 8256, ""max_height"": 6192, ""url_max"": ""https://live.staticflickr.com/4426/36665704836_71e46a1a9f_o.jpg"", ""max_width_2000"": 1600, ""max_height_2000"": 1200, ""url_max_2000"": ""https://live.staticflickr.com/4426/36665704836_ba434c724e_h.jpg"", ""flickr_page"": ""https://www.flickr.com/photos/70202166@N00/36665704836"", ""camera"": ""Fujifilm GFX 50S"", ""create_date"": ""2017:08:19 11:10:29"", ""lens_model"": ""GF110mmF2 R LM WR"", ""iso"": ""100"", ""exposure_time"": ""1/500"", ""exposure_program"": ""Aperture-priority AE"", ""exposure_compensation"": ""+2"", ""aperture"": ""2.0"", ""focal_length"": ""110.0 mm"", ""focal_length_in35mm"": ""87 mm"", ""white_balance"": ""Auto"", ""metering_mode"": ""Multi-segment"", ""flash"": ""No Flash"", ""pageid"": ""291""}"
36665703486|70202166@N00|291|Fujifilm GFX 50S|Fujifilm|70202166@N00_Fujifilm_51ba4da6.json|"{""id"": ""36665703486"", ""owner"": ""70202166@N00"", ""title"": ""DSCF0449"", ""realname"": """", ""ownername"": ""黑麵之路‧不由分說"", ""datetaken"": ""2017-08-19 11:11:04"", ""max_width"": 8256, ""max_height"": 6192, ""url_max"": ""https://live.staticflickr.com/4343/36665703486_7432598f5e_o.jpg"", ""max_width_2000"": 1600, ""max_height_2000"": 1200, ""url_max_2000"": ""https://live.staticflickr.com/4343/36665703486_aadaacb9ba_h.jpg"", ""flickr_page"": ""https://www.flickr.com/photos/70202166@N00/36665703486"", ""camera"": ""Fujifilm GFX 50S"", ""create_date"": ""2017:08:19 11:11:04"", ""lens_model"": ""GF110mmF2 R LM WR"", ""iso"": ""100"", ""exposure_time"": ""1/350"", ""exposure_program"": ""Aperture-priority AE"", ""exposure_compensation"": ""+2"", ""aperture"": ""2.0"", ""focal_length"": ""110.0 mm"", ""focal_length_in35mm"": ""87 mm"", ""white_balance"": ""Auto"", ""metering_mode"": ""Multi-segment"", ""flash"": ""No Flash"", ""pageid"": ""291""}"
36711773085|70202166@N00|291|Fujifilm GFX 50S|Fujifilm|70202166@N00_Fujifilm_51ba4da6.json|"{""id"": ""36711773085"", ""owner"": ""70202166@N00"", ""title"": ""DSCF0439"", ""realname"": """", ""ownername"": ""黑麵之路‧不由分說"", ""datetaken"": ""2017-08-19 11:07:50"", ""max_width"": 8256, ""max_height"": 6192, ""url_max"": ""https://live.staticflickr.com/4418/36711773085_171d683499_o.jpg"", ""max_width_2000"": 1536, ""max_height_2000"": 2048, ""url_max_2000"": ""https://live.staticflickr.com/4418/36711773085_c0ab208193_k.jpg"", ""flickr_page"": ""https://www.flickr.com/photos/70202166@N00/36711773085"", ""camera"": ""Fujifilm GFX 50S"", ""create_date"": ""2017:08:19 11:07:50"", ""lens_model"": ""GF110mmF2 R LM WR"", ""iso"": ""100"", ""exposure_time"": ""1/480"", ""exposure_program"": ""Aperture-priority AE"", ""exposure_compensation"": ""+1.67"", ""aperture"": ""2.0"", ""focal_length"": ""110.0 mm"", ""focal_length_in35mm"": ""87 mm"", ""white_balance"": ""Auto"", ""metering_mode"": ""Multi-segment"", ""flash"": ""No Flash"", ""pageid"": ""291""}"
36665706986|70202166@N00|291|Fujifilm GFX 50S|Fujifilm|70202166@N00_Fujifilm_51ba4da6.json|"{""id"": ""36665706986"", ""owner"": ""70202166@N00"", ""title"": ""DSCF0434"", ""realname"": """", ""ownername"": ""黑麵之路‧不由分說"", ""datetaken"": ""2017-08-19 11:06:08"", ""max_width"": 8256, ""max_height"": 6192, ""url_max"": ""https://live.staticflickr.com/4364/36665706986_81c0770f5f_o.jpg"", ""max_width_2000"": 1600, ""max_height_2000"": 1200, ""url_max_2000"": ""https://live.staticflickr.com/4364/36665706986_9a22669658_h.jpg"", ""flickr_page"": ""https://www.flickr.com/photos/70202166@N00/36665706986"", ""camera"": ""Fujifilm GFX 50S"", ""create_date"": ""2017:08:19 11:06:08"", ""lens_model"": ""GF110mmF2 R LM WR"", ""iso"": ""100"", ""exposure_time"": ""1/450"", ""exposure_program"": ""Aperture-priority AE"", ""exposure_compensation"": ""+1.67"", ""aperture"": ""2.0"", ""focal_length"": ""110.0 mm"", ""focal_length_in35mm"": ""87 mm"", ""white_balance"": ""Auto"", ""metering_mode"": ""Multi-segment"", ""flash"": ""No Flash"", ""pageid"": ""291""}"
36711776935|70202166@N00|291|Fujifilm GFX 50S|Fujifilm|70202166@N00_Fujifilm_51ba4da6.json|"{""id"": ""36711776935"", ""owner"": ""70202166@N00"", ""title"": ""DSCF0429"", ""realname"": """", ""ownername"": ""黑麵之路‧不由分說"", ""datetaken"": ""2017-08-19 11:04:17"", ""max_width"": 8256, ""max_height"": 6192, ""url_max"": ""https://live.staticflickr.com/4385/36711776935_36bfb5646b_o.jpg"", ""max_width_2000"": 1600, ""max_height_2000"": 1200, ""url_max_2000"": ""https://live.staticflickr.com/4385/36711776935_098897dbb1_h.jpg"", ""flickr_page"": ""https://www.flickr.com/photos/70202166@N00/36711776935"", ""camera"": ""Fujifilm GFX 50S"", ""create_date"": ""2017:08:19 11:04:17"", ""lens_model"": ""GF110mmF2 R LM WR"", ""iso"": ""100"", ""exposure_time"": ""1/125"", ""exposure_program"": ""Aperture-priority AE"", ""exposure_compensation"": ""+2"", ""aperture"": ""2.0"", ""focal_length"": ""110.0 mm"", ""focal_length_in35mm"": ""87 mm"", ""white_balance"": ""Auto"", ""metering_mode"": ""Multi-segment"", ""flash"": ""No Flash"", ""pageid"": ""291""}"
36711778195|70202166@N00|291|Fujifilm GFX 50S|Fujifilm|70202166@N00_Fujifilm_51ba4da6.json|"{""id"": ""36711778195"", ""owner"": ""70202166@N00"", ""title"": ""DSCF0427"", ""realname"": """", ""ownername"": ""黑麵之路‧不由分說"", ""datetaken"": ""2017-08-19 11:04:05"", ""max_width"": 8256, ""max_height"": 6192, ""url_max"": ""https://live.staticflickr.com/4375/36711778195_5d7f020d99_o.jpg"", ""max_width_2000"": 1600, ""max_height_2000"": 1200, ""url_max_2000"": ""https://live.staticflickr.com/4375/36711778195_b44ee0c4a0_h.jpg"", ""flickr_page"": ""https://www.flickr.com/photos/70202166@N00/36711778195"", ""camera"": ""Fujifilm GFX 50S"", ""create_date"": ""2017:08:19 11:04:05"", ""lens_model"": ""GF110mmF2 R LM WR"", ""iso"": ""100"", ""exposure_time"": ""1/170"", ""exposure_program"": ""Aperture-priority AE"", ""exposure_compensation"": ""+1.33"", ""aperture"": ""2.0"", ""focal_length"": ""110.0 mm"", ""focal_length_in35mm"": ""87 mm"", ""white_balance"": ""Auto"", ""metering_mode"": ""Multi-segment"", ""flash"": ""No Flash"", ""pageid"": ""291""}"
36711775225|70202166@N00|291|Fujifilm GFX 50S|Fujifilm|70202166@N00_Fujifilm_51ba4da6.json|"{""id"": ""36711775225"", ""owner"": ""70202166@N00"", ""title"": ""DSCF0432"", ""realname"": """", ""ownername"": ""黑麵之路‧不由分說"", ""datetaken"": ""2017-08-19 11:04:41"", ""max_width"": 8256, ""max_height"": 6192, ""url_max"": ""https://live.staticflickr.com/4421/36711775225_1e949e304c_o.jpg"", ""max_width_2000"": 1600, ""max_height_2000"": 1200, ""url_max_2000"": ""https://live.staticflickr.com/4421/36711775225_2615925eb0_h.jpg"", ""flickr_page"": ""https://www.flickr.com/photos/70202166@N00/36711775225"", ""camera"": ""Fujifilm GFX 50S"", ""create_date"": ""2017:08:19 11:04:41"", ""lens_model"": ""GF110mmF2 R LM WR"", ""iso"": ""100"", ""exposure_time"": ""1/170"", ""exposure_program"": ""Aperture-priority AE"", ""exposure_compensation"": ""+1.67"", ""aperture"": ""2.0"", ""focal_length"": ""110.0 mm"", ""focal_length_in35mm"": ""87 mm"", ""white_balance"": ""Auto"", ""metering_mode"": ""Multi-segment"", ""flash"": ""No Flash"", ""pageid"": ""291""}"
36542247412|70202166@N00|291|Fujifilm GFX 50S|Fujifilm|70202166@N00_Fujifilm_51ba4da6.json|"{""id"": ""36542247412"", ""owner"": ""70202166@N00"", ""title"": ""DSCF0456"", ""realname"": """", ""ownername"": ""黑麵之路‧不由分說"", ""datetaken"": ""2017-08-19 11:13:47"", ""max_width"": 8256, ""max_height"": 6192, ""url_max"": ""https://live.staticflickr.com/4429/36542247412_f397096d40_o.jpg"", ""max_width_2000"": 1600, ""max_height_2000"": 1200, ""url_max_2000"": ""https://live.staticflickr.com/4429/36542247412_33adf09e0f_h.jpg"", ""flickr_page"": ""https://www.flickr.com/photos/70202166@N00/36542247412"", ""camera"": ""Fujifilm GFX 50S"", ""create_date"": ""2017:08:19 11:13:47"", ""lens_model"": ""GF110mmF2 R LM WR"", ""iso"": ""100"", ""exposure_time"": ""1/480"", ""exposure_program"": ""Aperture-priority AE"", ""exposure_compensation"": ""+2"", ""aperture"": ""2.0"", ""focal_length"": ""110.0 mm"", ""focal_length_in35mm"": ""87 mm"", ""white_balance"": ""Auto"", ""metering_mode"": ""Multi-segment"", ""flash"": ""No Flash"", ""pageid"": ""291""}"
36711780705|70202166@N00|291|Fujifilm GFX 50S|Fujifilm|70202166@N00_Fujifilm_51ba4da6.json|"{""id"": ""36711780705"", ""owner"": ""70202166@N00"", ""title"": ""DSCF0425"", ""realname"": """", ""ownername"": ""黑麵之路‧不由分說"", ""datetaken"": ""2017-08-19 11:03:25"", ""max_width"": 8256, ""max_height"": 6192, ""url_max"": ""https://live.staticflickr.com/4425/36711780705_6526a286cc_o.jpg"", ""max_width_2000"": 1600, ""max_height_2000"": 1200, ""url_max_2000"": ""https://live.staticflickr.com/4425/36711780705_a2d2c283d5_h.jpg"", ""flickr_page"": ""https://www.flickr.com/photos/70202166@N00/36711780705"", ""camera"": ""Fujifilm GFX 50S"", ""create_date"": ""2017:08:19 11:03:25"", ""lens_model"": ""GF110mmF2 R LM WR"", ""iso"": ""100"", ""exposure_time"": ""1/210"", ""exposure_program"": ""Aperture-priority AE"", ""exposure_compensation"": ""+1.33"", ""aperture"": ""2.0"", ""focal_length"": ""110.0 mm"", ""focal_length_in35mm"": ""87 mm"", ""white_balance"": ""Auto"", ""metering_mode"": ""Multi-segment"", ""flash"": ""No Flash"", ""pageid"": ""291""}"
36711779465|70202166@N00|291|Fujifilm GFX 50S|Fujifilm|70202166@N00_Fujifilm_51ba4da6.json|"{""id"": ""36711779465"", ""owner"": ""70202166@N00"", ""title"": ""DSCF0426"", ""realname"": """", ""ownername"": ""黑麵之路‧不由分說"", ""datetaken"": ""2017-08-19 11:03:45"", ""max_width"": 8256, ""max_height"": 6192, ""url_max"": ""https://live.staticflickr.com/4417/36711779465_fc691d9db2_o.jpg"", ""max_width_2000"": 1600, ""max_height_2000"": 1200, ""url_max_2000"": ""https://live.staticflickr.com/4417/36711779465_baf964004c_h.jpg"", ""flickr_page"": ""https://www.flickr.com/photos/70202166@N00/36711779465"", ""camera"": ""Fujifilm GFX 50S"", ""create_date"": ""2017:08:19 11:03:45"", ""lens_model"": ""GF110mmF2 R LM WR"", ""iso"": ""100"", ""exposure_time"": ""1/200"", ""exposure_program"": ""Aperture-priority AE"", ""exposure_compensation"": ""+1.33"", ""aperture"": ""2.0"", ""focal_length"": ""110.0 mm"", ""focal_length_in35mm"": ""87 mm"", ""white_balance"": ""Auto"", ""metering_mode"": ""Multi-segment"", ""flash"": ""No Flash"", ""pageid"": ""291""}"
36711786095|70202166@N00|291|Fujifilm GFX 50S|Fujifilm|70202166@N00_Fujifilm_51ba4da6.json|"{""id"": ""36711786095"", ""owner"": ""70202166@N00"", ""title"": ""DSCF0421"", ""realname"": """", ""ownername"": ""黑麵之路‧不由分說"", ""datetaken"": ""2017-08-19 11:01:52"", ""max_width"": 8256, ""max_height"": 6192, ""url_max"": ""https://live.staticflickr.com/4383/36711786095_394dc6e728_o.jpg"", ""max_width_2000"": 1536, ""max_height_2000"": 2048, ""url_max_2000"": ""https://live.staticflickr.com/4383/36711786095_5936663784_k.jpg"", ""flickr_page"": ""https://www.flickr.com/photos/70202166@N00/36711786095"", ""camera"": ""Fujifilm GFX 50S"", ""create_date"": ""2017:08:19 11:01:52"", ""lens_model"": ""GF110mmF2 R LM WR"", ""iso"": ""100"", ""exposure_time"": ""1/150"", ""exposure_program"": ""Aperture-priority AE"", ""exposure_compensation"": ""+1.33"", ""aperture"": ""2.0"", ""focal_length"": ""110.0 mm"", ""focal_length_in35mm"": ""87 mm"", ""white_balance"": ""Auto"", ""metering_mode"": ""Multi-segment"", ""flash"": ""No Flash"", ""pageid"": ""291""}"
36711783145|70202166@N00|291|Fujifilm GFX 50S|Fujifilm|70202166@N00_Fujifilm_51ba4da6.json|"{""id"": ""36711783145"", ""owner"": ""70202166@N00"", ""title"": ""DSCF0423"", ""realname"": """", ""ownername"": ""黑麵之路‧不由分說"", ""datetaken"": ""2017-08-19 11:02:13"", ""max_width"": 8256, ""max_height"": 6192, ""url_max"": ""https://live.staticflickr.com/4367/36711783145_9cb9d3bec1_o.jpg"", ""max_width_2000"": 1600, ""max_height_2000"": 1200, ""url_max_2000"": ""https://live.staticflickr.com/4367/36711783145_0f93634da8_h.jpg"", ""flickr_page"": ""https://www.flickr.com/photos/70202166@N00/36711783145"", ""camera"": ""Fujifilm GFX 50S"", ""create_date"": ""2017:08:19 11:02:13"", ""lens_model"": ""GF110mmF2 R LM WR"", ""iso"": ""100"", ""exposure_time"": ""1/170"", ""exposure_program"": ""Aperture-priority AE"", ""exposure_compensation"": ""+1.33"", ""aperture"": ""2.0"", ""focal_length"": ""110.0 mm"", ""focal_length_in35mm"": ""87 mm"", ""white_balance"": ""Auto"", ""metering_mode"": ""Multi-segment"", ""flash"": ""No Flash"", ""pageid"": ""291""}"
36711784555|70202166@N00|291|Fujifilm GFX 50S|Fujifilm|70202166@N00_Fujifilm_51ba4da6.json|"{""id"": ""36711784555"", ""owner"": ""70202166@N00"", ""title"": ""DSCF0422"", ""realname"": """", ""ownername"": ""黑麵之路‧不由分說"", ""datetaken"": ""2017-08-19 11:02:04"", ""max_width"": 8256, ""max_height"": 6192, ""url_max"": ""https://live.staticflickr.com/4439/36711784555_0d9eba432c_o.jpg"", ""max_width_2000"": 1600, ""max_height_2000"": 1200, ""url_max_2000"": ""https://live.staticflickr.com/4439/36711784555_b3744033f4_h.jpg"", ""flickr_page"": ""https://www.flickr.com/photos/70202166@N00/36711784555"", ""camera"": ""Fujifilm GFX 50S"", ""create_date"": ""2017:08:19 11:02:04"", ""lens_model"": ""GF110mmF2 R LM WR"", ""iso"": ""100"", ""exposure_time"": ""1/125"", ""exposure_program"": ""Aperture-priority AE"", ""exposure_compensation"": ""+1.33"", ""aperture"": ""2.0"", ""focal_length"": ""110.0 mm"", ""focal_length_in35mm"": ""87 mm"", ""white_balance"": ""Auto"", ""metering_mode"": ""Multi-segment"", ""flash"": ""No Flash"", ""pageid"": ""291""}"
36711782025|70202166@N00|291|Fujifilm GFX 50S|Fujifilm|70202166@N00_Fujifilm_51ba4da6.json|"{""id"": ""36711782025"", ""owner"": ""70202166@N00"", ""title"": ""DSCF0424"", ""realname"": """", ""ownername"": ""黑麵之路‧不由分說"", ""datetaken"": ""2017-08-19 11:03:16"", ""max_width"": 8256, ""max_height"": 6192, ""url_max"": ""https://live.staticflickr.com/4350/36711782025_790262e5d3_o.jpg"", ""max_width_2000"": 1600, ""max_height_2000"": 1200, ""url_max_2000"": ""https://live.staticflickr.com/4350/36711782025_cf5c55dabd_h.jpg"", ""flickr_page"": ""https://www.flickr.com/photos/70202166@N00/36711782025"", ""camera"": ""Fujifilm GFX 50S"", ""create_date"": ""2017:08:19 11:03:16"", ""lens_model"": ""GF110mmF2 R LM WR"", ""iso"": ""100"", ""exposure_time"": ""1/220"", ""exposure_program"": ""Aperture-priority AE"", ""exposure_compensation"": ""+1.33"", ""aperture"": ""2.0"", ""focal_length"": ""110.0 mm"", ""focal_length_in35mm"": ""87 mm"", ""white_balance"": ""Auto"", ""metering_mode"": ""Multi-segment"", ""flash"": ""No Flash"", ""pageid"": ""291""}"
36711787445|70202166@N00|291|Fujifilm GFX 50S|Fujifilm|70202166@N00_Fujifilm_51ba4da6.json|"{""id"": ""36711787445"", ""owner"": ""70202166@N00"", ""title"": ""DSCF0420"", ""realname"": """", ""ownername"": ""黑麵之路‧不由分說"", ""datetaken"": ""2017-08-19 11:01:49"", ""max_width"": 8256, ""max_height"": 6192, ""url_max"": ""https://live.staticflickr.com/4373/36711787445_04776f22b5_o.jpg"", ""max_width_2000"": 1536, ""max_height_2000"": 2048, ""url_max_2000"": ""https://live.staticflickr.com/4373/36711787445_e2f4ce7df0_k.jpg"", ""flickr_page"": ""https://www.flickr.com/photos/70202166@N00/36711787445"", ""camera"": ""Fujifilm GFX 50S"", ""create_date"": ""2017:08:19 11:01:49"", ""lens_model"": ""GF110mmF2 R LM WR"", ""iso"": ""100"", ""exposure_time"": ""1/150"", ""exposure_program"": ""Aperture-priority AE"", ""exposure_compensation"": ""+1.33"", ""aperture"": ""2.0"", ""focal_length"": ""110.0 mm"", ""focal_length_in35mm"": ""87 mm"", ""white_balance"": ""Auto"", ""metering_mode"": ""Multi-segment"", ""flash"": ""No Flash"", ""pageid"": ""291""}"
36711791565|70202166@N00|292|Fujifilm GFX 50S|Fujifilm|70202166@N00_Fujifilm_51ba4da6.json|"{""id"": ""36711791565"", ""owner"": ""70202166@N00"", ""title"": ""DSCF0417"", ""realname"": """", ""ownername"": ""黑麵之路‧不由分說"", ""datetaken"": ""2017-08-19 11:00:21"", ""max_width"": 8256, ""max_height"": 6192, ""url_max"": ""https://live.staticflickr.com/4405/36711791565_ef778e8d10_o.jpg"", ""max_width_2000"": 1600, ""max_height_2000"": 1200, ""url_max_2000"": ""https://live.staticflickr.com/4405/36711791565_b518a92e0f_h.jpg"", ""flickr_page"": ""https://www.flickr.com/photos/70202166@N00/36711791565"", ""camera"": ""Fujifilm GFX 50S"", ""create_date"": ""2017:08:19 11:00:21"", ""lens_model"": ""GF110mmF2 R LM WR"", ""iso"": ""100"", ""exposure_time"": ""1/250"", ""exposure_program"": ""Aperture-priority AE"", ""exposure_compensation"": ""+1.33"", ""aperture"": ""2.0"", ""focal_length"": ""110.0 mm"", ""focal_length_in35mm"": ""87 mm"", ""white_balance"": ""Auto"", ""metering_mode"": ""Multi-segment"", ""flash"": ""No Flash"", ""pageid"": ""292""}"
36711790135|70202166@N00|292|Fujifilm GFX 50S|Fujifilm|70202166@N00_Fujifilm_51ba4da6.json|"{""id"": ""36711790135"", ""owner"": ""70202166@N00"", ""title"": ""DSCF0418"", ""realname"": """", ""ownername"": ""黑麵之路‧不由分說"", ""datetaken"": ""2017-08-19 11:01:35"", ""max_width"": 8256, ""max_height"": 6192, ""url_max"": ""https://live.staticflickr.com/4369/36711790135_6070d2f529_o.jpg"", ""max_width_2000"": 1536, ""max_height_2000"": 2048, ""url_max_2000"": ""https://live.staticflickr.com/4369/36711790135_b5353f09fd_k.jpg"", ""flickr_page"": ""https://www.flickr.com/photos/70202166@N00/36711790135"", ""camera"": ""Fujifilm GFX 50S"", ""create_date"": ""2017:08:19 11:01:35"", ""lens_model"": ""GF110mmF2 R LM WR"", ""iso"": ""100"", ""exposure_time"": ""1/200"", ""exposure_program"": ""Aperture-priority AE"", ""exposure_compensation"": ""+1.33"", ""aperture"": ""2.0"", ""focal_length"": ""110.0 mm"", ""focal_length_in35mm"": ""87 mm"", ""white_balance"": ""Auto"", ""metering_mode"": ""Multi-segment"", ""flash"": ""No Flash"", ""pageid"": ""292""}"
36316419760|70202166@N00|292|Fujifilm GFX 50S|Fujifilm|70202166@N00_Fujifilm_51ba4da6.json|"{""id"": ""36316419760"", ""owner"": ""70202166@N00"", ""title"": ""DSCF5140"", ""realname"": """", ""ownername"": ""黑麵之路‧不由分說"", ""datetaken"": ""2017-08-19 19:49:19"", ""max_width"": 8256, ""max_height"": 6192, ""url_max"": ""https://live.staticflickr.com/4427/36316419760_0cdd76c466_o.jpg"", ""max_width_2000"": 1536, ""max_height_2000"": 2048, ""url_max_2000"": ""https://live.staticflickr.com/4427/36316419760_40d7621ade_k.jpg"", ""flickr_page"": ""https://www.flickr.com/photos/70202166@N00/36316419760"", ""camera"": ""Fujifilm GFX 50S"", ""create_date"": ""2017:08:19 19:49:19"", ""lens_model"": ""GF110mmF2 R LM WR"", ""iso"": ""1000"", ""exposure_time"": ""1/125"", ""exposure_program"": ""Manual"", ""exposure_compensation"": ""0"", ""aperture"": ""2.0"", ""focal_length"": ""110.0 mm"", ""focal_length_in35mm"": ""87 mm"", ""white_balance"": ""Auto"", ""metering_mode"": ""Multi-segment"", ""flash"": ""No Flash"", ""pageid"": ""292""}"
36711794145|70202166@N00|292|Fujifilm GFX 50S|Fujifilm|70202166@N00_Fujifilm_51ba4da6.json|"{""id"": ""36711794145"", ""owner"": ""70202166@N00"", ""title"": ""DSCF0415"", ""realname"": """", ""ownername"": ""黑麵之路‧不由分說"", ""datetaken"": ""2017-08-19 11:00:04"", ""max_width"": 8256, ""max_height"": 6192, ""url_max"": ""https://live.staticflickr.com/4394/36711794145_614b178d18_o.jpg"", ""max_width_2000"": 1600, ""max_height_2000"": 1200, ""url_max_2000"": ""https://live.staticflickr.com/4394/36711794145_e6f72f69e8_h.jpg"", ""flickr_page"": ""https://www.flickr.com/photos/70202166@N00/36711794145"", ""camera"": ""Fujifilm GFX 50S"", ""create_date"": ""2017:08:19 11:00:04"", ""lens_model"": ""GF110mmF2 R LM WR"", ""iso"": ""100"", ""exposure_time"": ""1/150"", ""exposure_program"": ""Aperture-priority AE"", ""exposure_compensation"": ""+1.33"", ""aperture"": ""2.0"", ""focal_length"": ""110.0 mm"", ""focal_length_in35mm"": ""87 mm"", ""white_balance"": ""Auto"", ""metering_mode"": ""Multi-segment"", ""flash"": ""No Flash"", ""pageid"": ""292""}"
36572950541|70202166@N00|292|Fujifilm GFX 50S|Fujifilm|70202166@N00_Fujifilm_51ba4da6.json|"{""id"": ""36572950541"", ""owner"": ""70202166@N00"", ""title"": ""DSCF5137"", ""realname"": """", ""ownername"": ""黑麵之路‧不由分說"", ""datetaken"": ""2017-08-19 19:49:08"", ""max_width"": 8256, ""max_height"": 6192, ""url_max"": ""https://live.staticflickr.com/4358/36572950541_a902a57bdb_o.jpg"", ""max_width_2000"": 1536, ""max_height_2000"": 2048, ""url_max_2000"": ""https://live.staticflickr.com/4358/36572950541_3090900df1_k.jpg"", ""flickr_page"": ""https://www.flickr.com/photos/70202166@N00/36572950541"", ""camera"": ""Fujifilm GFX 50S"", ""create_date"": ""2017:08:19 19:49:08"", ""lens_model"": ""GF110mmF2 R LM WR"", ""iso"": ""1600"", ""exposure_time"": ""1/125"", ""exposure_program"": ""Manual"", ""exposure_compensation"": ""0"", ""aperture"": ""2.0"", ""focal_length"": ""110.0 mm"", ""focal_length_in35mm"": ""87 mm"", ""white_balance"": ""Auto"", ""metering_mode"": ""Multi-segment"", ""flash"": ""No Flash"", ""pageid"": ""292""}"
36711788815|70202166@N00|292|Fujifilm GFX 50S|Fujifilm|70202166@N00_Fujifilm_51ba4da6.json|"{""id"": ""36711788815"", ""owner"": ""70202166@N00"", ""title"": ""DSCF0419"", ""realname"": """", ""ownername"": ""黑麵之路‧不由分說"", ""datetaken"": ""2017-08-19 11:01:41"", ""max_width"": 8256, ""max_height"": 6192, ""url_max"": ""https://live.staticflickr.com/4436/36711788815_b90c6b1926_o.jpg"", ""max_width_2000"": 1536, ""max_height_2000"": 2048, ""url_max_2000"": ""https://live.staticflickr.com/4436/36711788815_90f08e5a23_k.jpg"", ""flickr_page"": ""https://www.flickr.com/photos/70202166@N00/36711788815"", ""camera"": ""Fujifilm GFX 50S"", ""create_date"": ""2017:08:19 11:01:41"", ""lens_model"": ""GF110mmF2 R LM WR"", ""iso"": ""100"", ""exposure_time"": ""1/200"", ""exposure_program"": ""Aperture-priority AE"", ""exposure_compensation"": ""+1.33"", ""aperture"": ""2.0"", ""focal_length"": ""110.0 mm"", ""focal_length_in35mm"": ""87 mm"", ""white_balance"": ""Auto"", ""metering_mode"": ""Multi-segment"", ""flash"": ""No Flash"", ""pageid"": ""292""}"
36572948921|70202166@N00|292|Fujifilm GFX 50S|Fujifilm|70202166@N00_Fujifilm_51ba4da6.json|"{""id"": ""36572948921"", ""owner"": ""70202166@N00"", ""title"": ""DSCF5139"", ""realname"": """", ""ownername"": ""黑麵之路‧不由分說"", ""datetaken"": ""2017-08-19 19:49:17"", ""max_width"": 8256, ""max_height"": 6192, ""url_max"": ""https://live.staticflickr.com/4428/36572948921_e8dba64064_o.jpg"", ""max_width_2000"": 1536, ""max_height_2000"": 2048, ""url_max_2000"": ""https://live.staticflickr.com/4428/36572948921_22b281aa24_k.jpg"", ""flickr_page"": ""https://www.flickr.com/photos/70202166@N00/36572948921"", ""camera"": ""Fujifilm GFX 50S"", ""create_date"": ""2017:08:19 19:49:17"", ""lens_model"": ""GF110mmF2 R LM WR"", ""iso"": ""1000"", ""exposure_time"": ""1/125"", ""exposure_program"": ""Manual"", ""exposure_compensation"": ""0"", ""aperture"": ""2.0"", ""focal_length"": ""110.0 mm"", ""focal_length_in35mm"": ""87 mm"", ""white_balance"": ""Auto"", ""metering_mode"": ""Multi-segment"", ""flash"": ""No Flash"", ""pageid"": ""292""}"
36711792855|70202166@N00|292|Fujifilm GFX 50S|Fujifilm|70202166@N00_Fujifilm_51ba4da6.json|"{""id"": ""36711792855"", ""owner"": ""70202166@N00"", ""title"": ""DSCF0416"", ""realname"": """", ""ownername"": ""黑麵之路‧不由分說"", ""datetaken"": ""2017-08-19 11:00:11"", ""max_width"": 8256, ""max_height"": 6192, ""url_max"": ""https://live.staticflickr.com/4372/36711792855_9f858b2440_o.jpg"", ""max_width_2000"": 1600, ""max_height_2000"": 1200, ""url_max_2000"": ""https://live.staticflickr.com/4372/36711792855_ae7dbd77a5_h.jpg"", ""flickr_page"": ""https://www.flickr.com/photos/70202166@N00/36711792855"", ""camera"": ""Fujifilm GFX 50S"", ""create_date"": ""2017:08:19 11:00:11"", ""lens_model"": ""GF110mmF2 R LM WR"", ""iso"": ""100"", ""exposure_time"": ""1/180"", ""exposure_program"": ""Aperture-priority AE"", ""exposure_compensation"": ""+1.33"", ""aperture"": ""2.0"", ""focal_length"": ""110.0 mm"", ""focal_length_in35mm"": ""87 mm"", ""white_balance"": ""Auto"", ""metering_mode"": ""Multi-segment"", ""flash"": ""No Flash"", ""pageid"": ""292""}"
36542118742|70202166@N00|292|Fujifilm GFX 50S|Fujifilm|70202166@N00_Fujifilm_51ba4da6.json|"{""id"": ""36542118742"", ""owner"": ""70202166@N00"", ""title"": ""DSCF5147"", ""realname"": """", ""ownername"": ""黑麵之路‧不由分說"", ""datetaken"": ""2017-08-19 19:50:12"", ""max_width"": 8256, ""max_height"": 6192, ""url_max"": ""https://live.staticflickr.com/4397/36542118742_496bf310dd_o.jpg"", ""max_width_2000"": 1600, ""max_height_2000"": 1200, ""url_max_2000"": ""https://live.staticflickr.com/4397/36542118742_4359cd0f15_h.jpg"", ""flickr_page"": ""https://www.flickr.com/photos/70202166@N00/36542118742"", ""camera"": ""Fujifilm GFX 50S"", ""create_date"": ""2017:08:19 19:50:12"", ""lens_model"": ""GF110mmF2 R LM WR"", ""iso"": ""1000"", ""exposure_time"": ""1/125"", ""exposure_program"": ""Manual"", ""exposure_compensation"": ""0"", ""aperture"": ""2.0"", ""focal_length"": ""110.0 mm"", ""focal_length_in35mm"": ""87 mm"", ""white_balance"": ""Auto"", ""metering_mode"": ""Multi-segment"", ""flash"": ""No Flash"", ""pageid"": ""292""}"
36542117712|70202166@N00|292|Fujifilm GFX 50S|Fujifilm|70202166@N00_Fujifilm_51ba4da6.json|"{""id"": ""36542117712"", ""owner"": ""70202166@N00"", ""title"": ""DSCF5138"", ""realname"": """", ""ownername"": ""黑麵之路‧不由分說"", ""datetaken"": ""2017-08-19 19:49:14"", ""max_width"": 8256, ""max_height"": 6192, ""url_max"": ""https://live.staticflickr.com/4406/36542117712_a28e2d0b5d_o.jpg"", ""max_width_2000"": 1536, ""max_height_2000"": 2048, ""url_max_2000"": ""https://live.staticflickr.com/4406/36542117712_0ef06602af_k.jpg"", ""flickr_page"": ""https://www.flickr.com/photos/70202166@N00/36542117712"", ""camera"": ""Fujifilm GFX 50S"", ""create_date"": ""2017:08:19 19:49:14"", ""lens_model"": ""GF110mmF2 R LM WR"", ""iso"": ""1000"", ""exposure_time"": ""1/125"", ""exposure_program"": ""Manual"", ""exposure_compensation"": ""0"", ""aperture"": ""2.0"", ""focal_length"": ""110.0 mm"", ""focal_length_in35mm"": ""87 mm"", ""white_balance"": ""Auto"", ""metering_mode"": ""Multi-segment"", ""flash"": ""No Flash"", ""pageid"": ""292""}"
36572956331|70202166@N00|292|Fujifilm GFX 50S|Fujifilm|70202166@N00_Fujifilm_51ba4da6.json|"{""id"": ""36572956331"", ""owner"": ""70202166@N00"", ""title"": ""DSCF5142"", ""realname"": """", ""ownername"": ""黑麵之路‧不由分說"", ""datetaken"": ""2017-08-19 19:49:40"", ""max_width"": 8256, ""max_height"": 6192, ""url_max"": ""https://live.staticflickr.com/4340/36572956331_9fb5a3d484_o.jpg"", ""max_width_2000"": 1600, ""max_height_2000"": 1200, ""url_max_2000"": ""https://live.staticflickr.com/4340/36572956331_c43d620fa3_h.jpg"", ""flickr_page"": ""https://www.flickr.com/photos/70202166@N00/36572956331"", ""camera"": ""Fujifilm GFX 50S"", ""create_date"": ""2017:08:19 19:49:40"", ""lens_model"": ""GF110mmF2 R LM WR"", ""iso"": ""1000"", ""exposure_time"": ""1/125"", ""exposure_program"": ""Manual"", ""exposure_compensation"": ""0"", ""aperture"": ""2.0"", ""focal_length"": ""110.0 mm"", ""focal_length_in35mm"": ""87 mm"", ""white_balance"": ""Auto"", ""metering_mode"": ""Multi-segment"", ""flash"": ""No Flash"", ""pageid"": ""292""}"
36572954461|70202166@N00|292|Fujifilm GFX 50S|Fujifilm|70202166@N00_Fujifilm_51ba4da6.json|"{""id"": ""36572954461"", ""owner"": ""70202166@N00"", ""title"": ""DSCF5144"", ""realname"": """", ""ownername"": ""黑麵之路‧不由分說"", ""datetaken"": ""2017-08-19 19:49:45"", ""max_width"": 8256, ""max_height"": 6192, ""url_max"": ""https://live.staticflickr.com/4370/36572954461_14f40b8f09_o.jpg"", ""max_width_2000"": 1600, ""max_height_2000"": 1200, ""url_max_2000"": ""https://live.staticflickr.com/4370/36572954461_2a783da05a_h.jpg"", ""flickr_page"": ""https://www.flickr.com/photos/70202166@N00/36572954461"", ""camera"": ""Fujifilm GFX 50S"", ""create_date"": ""2017:08:19 19:49:45"", ""lens_model"": ""GF110mmF2 R LM WR"", ""iso"": ""1000"", ""exposure_time"": ""1/125"", ""exposure_program"": ""Manual"", ""exposure_compensation"": ""0"", ""aperture"": ""2.0"", ""focal_length"": ""110.0 mm"", ""focal_length_in35mm"": ""87 mm"", ""white_balance"": ""Auto"", ""metering_mode"": ""Multi-segment"", ""flash"": ""No Flash"", ""pageid"": ""292""}"
36530655532|70202166@N00|292|Fujifilm GFX 50S|Fujifilm|70202166@N00_Fujifilm_51ba4da6.json|"{""id"": ""36530655532"", ""owner"": ""70202166@N00"", ""title"": ""DSCF0064"", ""realname"": """", ""ownername"": ""黑麵之路‧不由分說"", ""datetaken"": ""2017-08-19 19:33:26"", ""max_width"": 8256, ""max_height"": 6192, ""url_max"": ""https://live.staticflickr.com/4425/36530655532_146321bbee_o.jpg"", ""max_width_2000"": 1600, ""max_height_2000"": 1200, ""url_max_2000"": ""https://live.staticflickr.com/4425/36530655532_5d3e6f8163_h.jpg"", ""flickr_page"": ""https://www.flickr.com/photos/70202166@N00/36530655532"", ""camera"": ""Fujifilm GFX 50S"", ""create_date"": ""2017:08:19 19:33:26"", ""lens_model"": ""GF32-64mmF4 R LM WR"", ""iso"": ""3200"", ""exposure_time"": ""1/125"", ""exposure_program"": ""Manual"", ""exposure_compensation"": ""0"", ""aperture"": ""4.0"", ""focal_length"": ""45.7 mm"", ""focal_length_in35mm"": ""36 mm"", ""white_balance"": ""Auto"", ""metering_mode"": ""Multi-segment"", ""flash"": ""No Flash"", ""pageid"": ""292""}"
36542120232|70202166@N00|292|Fujifilm GFX 50S|Fujifilm|70202166@N00_Fujifilm_51ba4da6.json|"{""id"": ""36542120232"", ""owner"": ""70202166@N00"", ""title"": ""DSCF5145"", ""realname"": """", ""ownername"": ""黑麵之路‧不由分說"", ""datetaken"": ""2017-08-19 19:49:56"", ""max_width"": 8256, ""max_height"": 6192, ""url_max"": ""https://live.staticflickr.com/4432/36542120232_a2fbbbfb59_o.jpg"", ""max_width_2000"": 1536, ""max_height_2000"": 2048, ""url_max_2000"": ""https://live.staticflickr.com/4432/36542120232_0dcc4353ac_k.jpg"", ""flickr_page"": ""https://www.flickr.com/photos/70202166@N00/36542120232"", ""camera"": ""Fujifilm GFX 50S"", ""create_date"": ""2017:08:19 19:49:56"", ""lens_model"": ""GF110mmF2 R LM WR"", ""iso"": ""1000"", ""exposure_time"": ""1/125"", ""exposure_program"": ""Manual"", ""exposure_compensation"": ""0"", ""aperture"": ""2.0"", ""focal_length"": ""110.0 mm"", ""focal_length_in35mm"": ""87 mm"", ""white_balance"": ""Auto"", ""metering_mode"": ""Multi-segment"", ""flash"": ""No Flash"", ""pageid"": ""292""}"
36542123502|70202166@N00|292|Fujifilm GFX 50S|Fujifilm|70202166@N00_Fujifilm_51ba4da6.json|"{""id"": ""36542123502"", ""owner"": ""70202166@N00"", ""title"": ""DSCF5141"", ""realname"": """", ""ownername"": ""黑麵之路‧不由分說"", ""datetaken"": ""2017-08-19 19:49:37"", ""max_width"": 8256, ""max_height"": 6192, ""url_max"": ""https://live.staticflickr.com/4349/36542123502_ef8f366cc9_o.jpg"", ""max_width_2000"": 1600, ""max_height_2000"": 1200, ""url_max_2000"": ""https://live.staticflickr.com/4349/36542123502_205d7594a7_h.jpg"", ""flickr_page"": ""https://www.flickr.com/photos/70202166@N00/36542123502"", ""camera"": ""Fujifilm GFX 50S"", ""create_date"": ""2017:08:19 19:49:37"", ""lens_model"": ""GF110mmF2 R LM WR"", ""iso"": ""1000"", ""exposure_time"": ""1/125"", ""exposure_program"": ""Manual"", ""exposure_compensation"": ""0"", ""aperture"": ""2.0"", ""focal_length"": ""110.0 mm"", ""focal_length_in35mm"": ""87 mm"", ""white_balance"": ""Auto"", ""metering_mode"": ""Multi-segment"", ""flash"": ""No Flash"", ""pageid"": ""292""}"
36572952551|70202166@N00|292|Fujifilm GFX 50S|Fujifilm|70202166@N00_Fujifilm_51ba4da6.json|"{""id"": ""36572952551"", ""owner"": ""70202166@N00"", ""title"": ""DSCF5146"", ""realname"": """", ""ownername"": ""黑麵之路‧不由分說"", ""datetaken"": ""2017-08-19 19:50:09"", ""max_width"": 8256, ""max_height"": 6192, ""url_max"": ""https://live.staticflickr.com/4335/36572952551_ffa389d495_o.jpg"", ""max_width_2000"": 1600, ""max_height_2000"": 1200, ""url_max_2000"": ""https://live.staticflickr.com/4335/36572952551_fce5f374c8_h.jpg"", ""flickr_page"": ""https://www.flickr.com/photos/70202166@N00/36572952551"", ""camera"": ""Fujifilm GFX 50S"", ""create_date"": ""2017:08:19 19:50:09"", ""lens_model"": ""GF110mmF2 R LM WR"", ""iso"": ""1000"", ""exposure_time"": ""1/125"", ""exposure_program"": ""Manual"", ""exposure_compensation"": ""0"", ""aperture"": ""2.0"", ""focal_length"": ""110.0 mm"", ""focal_length_in35mm"": ""87 mm"", ""white_balance"": ""Auto"", ""metering_mode"": ""Multi-segment"", ""flash"": ""No Flash"", ""pageid"": ""292""}"
36699803695|70202166@N00|292|Fujifilm GFX 50S|Fujifilm|70202166@N00_Fujifilm_51ba4da6.json|"{""id"": ""36699803695"", ""owner"": ""70202166@N00"", ""title"": ""DSCF0063"", ""realname"": """", ""ownername"": ""黑麵之路‧不由分說"", ""datetaken"": ""2017-08-19 19:33:24"", ""max_width"": 8256, ""max_height"": 6192, ""url_max"": ""https://live.staticflickr.com/4381/36699803695_5cb6b493b4_o.jpg"", ""max_width_2000"": 1600, ""max_height_2000"": 1200, ""url_max_2000"": ""https://live.staticflickr.com/4381/36699803695_4d00ac7f15_h.jpg"", ""flickr_page"": ""https://www.flickr.com/photos/70202166@N00/36699803695"", ""camera"": ""Fujifilm GFX 50S"", ""create_date"": ""2017:08:19 19:33:24"", ""lens_model"": ""GF32-64mmF4 R LM WR"", ""iso"": ""3200"", ""exposure_time"": ""1/125"", ""exposure_program"": ""Manual"", ""exposure_compensation"": ""0"", ""aperture"": ""4.0"", ""focal_length"": ""44.9 mm"", ""focal_length_in35mm"": ""36 mm"", ""white_balance"": ""Auto"", ""metering_mode"": ""Multi-segment"", ""flash"": ""No Flash"", ""pageid"": ""292""}"
36542121782|70202166@N00|292|Fujifilm GFX 50S|Fujifilm|70202166@N00_Fujifilm_51ba4da6.json|"{""id"": ""36542121782"", ""owner"": ""70202166@N00"", ""title"": ""DSCF5143"", ""realname"": """", ""ownername"": ""黑麵之路‧不由分說"", ""datetaken"": ""2017-08-19 19:49:43"", ""max_width"": 8256, ""max_height"": 6192, ""url_max"": ""https://live.staticflickr.com/4436/36542121782_72acfe9b17_o.jpg"", ""max_width_2000"": 1600, ""max_height_2000"": 1200, ""url_max_2000"": ""https://live.staticflickr.com/4436/36542121782_28b2a57a6e_h.jpg"", ""flickr_page"": ""https://www.flickr.com/photos/70202166@N00/36542121782"", ""camera"": ""Fujifilm GFX 50S"", ""create_date"": ""2017:08:19 19:49:43"", ""lens_model"": ""GF110mmF2 R LM WR"", ""iso"": ""1000"", ""exposure_time"": ""1/125"", ""exposure_program"": ""Manual"", ""exposure_compensation"": ""0"", ""aperture"": ""2.0"", ""focal_length"": ""110.0 mm"", ""focal_length_in35mm"": ""87 mm"", ""white_balance"": ""Auto"", ""metering_mode"": ""Multi-segment"", ""flash"": ""No Flash"", ""pageid"": ""292""}"
36530660262|70202166@N00|292|Fujifilm GFX 50S|Fujifilm|70202166@N00_Fujifilm_51ba4da6.json|"{""id"": ""36530660262"", ""owner"": ""70202166@N00"", ""title"": ""DSCF5134"", ""realname"": """", ""ownername"": ""黑麵之路‧不由分說"", ""datetaken"": ""2017-08-19 19:29:27"", ""max_width"": 8256, ""max_height"": 6192, ""url_max"": ""https://live.staticflickr.com/4335/36530660262_8e7662959b_o.jpg"", ""max_width_2000"": 1600, ""max_height_2000"": 1200, ""url_max_2000"": ""https://live.staticflickr.com/4335/36530660262_8e2280a320_h.jpg"", ""flickr_page"": ""https://www.flickr.com/photos/70202166@N00/36530660262"", ""camera"": ""Fujifilm GFX 50S"", ""create_date"": ""2017:08:19 19:29:27"", ""lens_model"": ""GF110mmF2 R LM WR"", ""iso"": ""800"", ""exposure_time"": ""1/60"", ""exposure_program"": ""Manual"", ""exposure_compensation"": ""0"", ""aperture"": ""2.0"", ""focal_length"": ""110.0 mm"", ""focal_length_in35mm"": ""87 mm"", ""white_balance"": ""Auto"", ""metering_mode"": ""Multi-segment"", ""flash"": ""No Flash"", ""pageid"": ""292""}"
36699801905|70202166@N00|292|Fujifilm GFX 50S|Fujifilm|70202166@N00_Fujifilm_51ba4da6.json|"{""id"": ""36699801905"", ""owner"": ""70202166@N00"", ""title"": ""DSCF0065"", ""realname"": """", ""ownername"": ""黑麵之路‧不由分說"", ""datetaken"": ""2017-08-19 19:33:30"", ""max_width"": 8256, ""max_height"": 6192, ""url_max"": ""https://live.staticflickr.com/4392/36699801905_39bf28db79_o.jpg"", ""max_width_2000"": 1600, ""max_height_2000"": 1200, ""url_max_2000"": ""https://live.staticflickr.com/4392/36699801905_e72684e817_h.jpg"", ""flickr_page"": ""https://www.flickr.com/photos/70202166@N00/36699801905"", ""camera"": ""Fujifilm GFX 50S"", ""create_date"": ""2017:08:19 19:33:30"", ""lens_model"": ""GF32-64mmF4 R LM WR"", ""iso"": ""3200"", ""exposure_time"": ""1/125"", ""exposure_program"": ""Manual"", ""exposure_compensation"": ""0"", ""aperture"": ""4.0"", ""focal_length"": ""45.7 mm"", ""focal_length_in35mm"": ""36 mm"", ""white_balance"": ""Auto"", ""metering_mode"": ""Multi-segment"", ""flash"": ""No Flash"", ""pageid"": ""292""}"
36530657952|70202166@N00|292|Fujifilm GFX 50S|Fujifilm|70202166@N00_Fujifilm_51ba4da6.json|"{""id"": ""36530657952"", ""owner"": ""70202166@N00"", ""title"": ""DSCF5136"", ""realname"": """", ""ownername"": ""黑麵之路‧不由分說"", ""datetaken"": ""2017-08-19 19:29:36"", ""max_width"": 8256, ""max_height"": 6192, ""url_max"": ""https://live.staticflickr.com/4343/36530657952_15dfc17011_o.jpg"", ""max_width_2000"": 1600, ""max_height_2000"": 1200, ""url_max_2000"": ""https://live.staticflickr.com/4343/36530657952_97e4b75029_h.jpg"", ""flickr_page"": ""https://www.flickr.com/photos/70202166@N00/36530657952"", ""camera"": ""Fujifilm GFX 50S"", ""create_date"": ""2017:08:19 19:29:36"", ""lens_model"": ""GF110mmF2 R LM WR"", ""iso"": ""800"", ""exposure_time"": ""1/60"", ""exposure_program"": ""Manual"", ""exposure_compensation"": ""0"", ""aperture"": ""2.0"", ""focal_length"": ""110.0 mm"", ""focal_length_in35mm"": ""87 mm"", ""white_balance"": ""Auto"", ""metering_mode"": ""Multi-segment"", ""flash"": ""No Flash"", ""pageid"": ""292""}"
36530653212|70202166@N00|292|Fujifilm GFX 50S|Fujifilm|70202166@N00_Fujifilm_51ba4da6.json|"{""id"": ""36530653212"", ""owner"": ""70202166@N00"", ""title"": ""DSCF0066"", ""realname"": """", ""ownername"": ""黑麵之路‧不由分說"", ""datetaken"": ""2017-08-19 19:33:33"", ""max_width"": 8256, ""max_height"": 6192, ""url_max"": ""https://live.staticflickr.com/4346/36530653212_6e6de99516_o.jpg"", ""max_width_2000"": 1600, ""max_height_2000"": 1200, ""url_max_2000"": ""https://live.staticflickr.com/4346/36530653212_06d6e66447_h.jpg"", ""flickr_page"": ""https://www.flickr.com/photos/70202166@N00/36530653212"", ""camera"": ""Fujifilm GFX 50S"", ""create_date"": ""2017:08:19 19:33:33"", ""lens_model"": ""GF32-64mmF4 R LM WR"", ""iso"": ""3200"", ""exposure_time"": ""1/125"", ""exposure_program"": ""Manual"", ""exposure_compensation"": ""0"", ""aperture"": ""4.0"", ""focal_length"": ""45.7 mm"", ""focal_length_in35mm"": ""36 mm"", ""white_balance"": ""Auto"", ""metering_mode"": ""Multi-segment"", ""flash"": ""No Flash"", ""pageid"": ""292""}"
36699805475|70202166@N00|292|Fujifilm GFX 50S|Fujifilm|70202166@N00_Fujifilm_51ba4da6.json|"{""id"": ""36699805475"", ""owner"": ""70202166@N00"", ""title"": ""DSCF5135"", ""realname"": """", ""ownername"": ""黑麵之路‧不由分說"", ""datetaken"": ""2017-08-19 19:29:34"", ""max_width"": 8256, ""max_height"": 6192, ""url_max"": ""https://live.staticflickr.com/4397/36699805475_c331dff9cf_o.jpg"", ""max_width_2000"": 1600, ""max_height_2000"": 1200, ""url_max_2000"": ""https://live.staticflickr.com/4397/36699805475_3dc563ce3d_h.jpg"", ""flickr_page"": ""https://www.flickr.com/photos/70202166@N00/36699805475"", ""camera"": ""Fujifilm GFX 50S"", ""create_date"": ""2017:08:19 19:29:34"", ""lens_model"": ""GF110mmF2 R LM WR"", ""iso"": ""800"", ""exposure_time"": ""1/60"", ""exposure_program"": ""Manual"", ""exposure_compensation"": ""0"", ""aperture"": ""2.0"", ""focal_length"": ""110.0 mm"", ""focal_length_in35mm"": ""87 mm"", ""white_balance"": ""Auto"", ""metering_mode"": ""Multi-segment"", ""flash"": ""No Flash"", ""pageid"": ""292""}"
36530662262|70202166@N00|292|Fujifilm GFX 50S|Fujifilm|70202166@N00_Fujifilm_51ba4da6.json|"{""id"": ""36530662262"", ""owner"": ""70202166@N00"", ""title"": ""DSCF5132"", ""realname"": """", ""ownername"": ""黑麵之路‧不由分說"", ""datetaken"": ""2017-08-19 19:29:15"", ""max_width"": 8256, ""max_height"": 6192, ""url_max"": ""https://live.staticflickr.com/4367/36530662262_41b809ea18_o.jpg"", ""max_width_2000"": 1600, ""max_height_2000"": 1200, ""url_max_2000"": ""https://live.staticflickr.com/4367/36530662262_a749edcf1f_h.jpg"", ""flickr_page"": ""https://www.flickr.com/photos/70202166@N00/36530662262"", ""camera"": ""Fujifilm GFX 50S"", ""create_date"": ""2017:08:19 19:29:15"", ""lens_model"": ""GF110mmF2 R LM WR"", ""iso"": ""800"", ""exposure_time"": ""1/125"", ""exposure_program"": ""Manual"", ""exposure_compensation"": ""0"", ""aperture"": ""2.0"", ""focal_length"": ""110.0 mm"", ""focal_length_in35mm"": ""87 mm"", ""white_balance"": ""Auto"", ""metering_mode"": ""Multi-segment"", ""flash"": ""No Flash"", ""pageid"": ""292""}"
36699807605|70202166@N00|292|Fujifilm GFX 50S|Fujifilm|70202166@N00_Fujifilm_51ba4da6.json|"{""id"": ""36699807605"", ""owner"": ""70202166@N00"", ""title"": ""DSCF5133"", ""realname"": """", ""ownername"": ""黑麵之路‧不由分說"", ""datetaken"": ""2017-08-19 19:29:25"", ""max_width"": 8256, ""max_height"": 6192, ""url_max"": ""https://live.staticflickr.com/4436/36699807605_66855d0b23_o.jpg"", ""max_width_2000"": 1600, ""max_height_2000"": 1200, ""url_max_2000"": ""https://live.staticflickr.com/4436/36699807605_d9bbdc7903_h.jpg"", ""flickr_page"": ""https://www.flickr.com/photos/70202166@N00/36699807605"", ""camera"": ""Fujifilm GFX 50S"", ""create_date"": ""2017:08:19 19:29:25"", ""lens_model"": ""GF110mmF2 R LM WR"", ""iso"": ""800"", ""exposure_time"": ""1/60"", ""exposure_program"": ""Manual"", ""exposure_compensation"": ""0"", ""aperture"": ""2.0"", ""focal_length"": ""110.0 mm"", ""focal_length_in35mm"": ""87 mm"", ""white_balance"": ""Auto"", ""metering_mode"": ""Multi-segment"", ""flash"": ""No Flash"", ""pageid"": ""292""}"
35726100033|70202166@N00|293|Fujifilm GFX 50S|Fujifilm|70202166@N00_Fujifilm_51ba4da6.json|"{""id"": ""35726100033"", ""owner"": ""70202166@N00"", ""title"": ""DSCF9963"", ""realname"": """", ""ownername"": ""黑麵之路‧不由分說"", ""datetaken"": ""2017-07-30 09:48:22"", ""max_width"": 8256, ""max_height"": 6192, ""url_max"": ""https://live.staticflickr.com/4382/35726100033_40b9bf49e1_o.jpg"", ""max_width_2000"": 1536, ""max_height_2000"": 2048, ""url_max_2000"": ""https://live.staticflickr.com/4382/35726100033_f12fd561cf_k.jpg"", ""flickr_page"": ""https://www.flickr.com/photos/70202166@N00/35726100033"", ""camera"": ""Fujifilm GFX 50S"", ""create_date"": ""2017:07:30 09:48:22"", ""lens_model"": ""GF110mmF2 R LM WR"", ""iso"": ""800"", ""exposure_time"": ""1/125"", ""exposure_program"": ""Manual"", ""exposure_compensation"": ""0"", ""aperture"": ""2.0"", ""focal_length"": ""110.0 mm"", ""focal_length_in35mm"": ""87 mm"", ""white_balance"": ""Auto"", ""metering_mode"": ""Multi-segment"", ""flash"": ""No Flash"", ""pageid"": ""293""}"
36530672852|70202166@N00|293|Fujifilm GFX 50S|Fujifilm|70202166@N00_Fujifilm_51ba4da6.json|"{""id"": ""36530672852"", ""owner"": ""70202166@N00"", ""title"": ""DSCF0067"", ""realname"": """", ""ownername"": ""黑麵之路‧不由分說"", ""datetaken"": ""2017-08-19 19:33:35"", ""max_width"": 8256, ""max_height"": 6192, ""url_max"": ""https://live.staticflickr.com/4378/36530672852_3fb542c286_o.jpg"", ""max_width_2000"": 1600, ""max_height_2000"": 1200, ""url_max_2000"": ""https://live.staticflickr.com/4378/36530672852_b67f7b3d32_h.jpg"", ""flickr_page"": ""https://www.flickr.com/photos/70202166@N00/36530672852"", ""camera"": ""Fujifilm GFX 50S"", ""create_date"": ""2017:08:19 19:33:35"", ""lens_model"": ""GF32-64mmF4 R LM WR"", ""iso"": ""3200"", ""exposure_time"": ""1/125"", ""exposure_program"": ""Manual"", ""exposure_compensation"": ""0"", ""aperture"": ""4.0"", ""focal_length"": ""45.7 mm"", ""focal_length_in35mm"": ""36 mm"", ""white_balance"": ""Auto"", ""metering_mode"": ""Multi-segment"", ""flash"": ""No Flash"", ""pageid"": ""293""}"
36530669962|70202166@N00|293|Fujifilm GFX 50S|Fujifilm|70202166@N00_Fujifilm_51ba4da6.json|"{""id"": ""36530669962"", ""owner"": ""70202166@N00"", ""title"": ""DSCF0069"", ""realname"": """", ""ownername"": ""黑麵之路‧不由分說"", ""datetaken"": ""2017-08-19 19:36:07"", ""max_width"": 8256, ""max_height"": 6192, ""url_max"": ""https://live.staticflickr.com/4372/36530669962_55fbba114b_o.jpg"", ""max_width_2000"": 1600, ""max_height_2000"": 1200, ""url_max_2000"": ""https://live.staticflickr.com/4372/36530669962_25b0bebaf6_h.jpg"", ""flickr_page"": ""https://www.flickr.com/photos/70202166@N00/36530669962"", ""camera"": ""Fujifilm GFX 50S"", ""create_date"": ""2017:08:19 19:36:07"", ""lens_model"": ""GF32-64mmF4 R LM WR"", ""iso"": ""1600"", ""exposure_time"": ""1/125"", ""exposure_program"": ""Manual"", ""exposure_compensation"": ""0"", ""aperture"": ""4.0"", ""focal_length"": ""36.2 mm"", ""focal_length_in35mm"": ""29 mm"", ""white_balance"": ""Auto"", ""metering_mode"": ""Multi-segment"", ""flash"": ""No Flash"", ""pageid"": ""293""}"
36530667082|70202166@N00|293|Fujifilm GFX 50S|Fujifilm|70202166@N00_Fujifilm_51ba4da6.json|"{""id"": ""36530667082"", ""owner"": ""70202166@N00"", ""title"": ""DSCF0072"", ""realname"": """", ""ownername"": ""黑麵之路‧不由分說"", ""datetaken"": ""2017-08-19 19:36:19"", ""max_width"": 8256, ""max_height"": 6192, ""url_max"": ""https://live.staticflickr.com/4384/36530667082_036fc1c1ed_o.jpg"", ""max_width_2000"": 1600, ""max_height_2000"": 1200, ""url_max_2000"": ""https://live.staticflickr.com/4384/36530667082_97a70a9feb_h.jpg"", ""flickr_page"": ""https://www.flickr.com/photos/70202166@N00/36530667082"", ""camera"": ""Fujifilm GFX 50S"", ""create_date"": ""2017:08:19 19:36:19"", ""lens_model"": ""GF32-64mmF4 R LM WR"", ""iso"": ""1600"", ""exposure_time"": ""1/125"", ""exposure_program"": ""Manual"", ""exposure_compensation"": ""0"", ""aperture"": ""4.0"", ""focal_length"": ""36.2 mm"", ""focal_length_in35mm"": ""29 mm"", ""white_balance"": ""Auto"", ""metering_mode"": ""Multi-segment"", ""flash"": ""No Flash"", ""pageid"": ""293""}"
36530671412|70202166@N00|293|Fujifilm GFX 50S|Fujifilm|70202166@N00_Fujifilm_51ba4da6.json|"{""id"": ""36530671412"", ""owner"": ""70202166@N00"", ""title"": ""DSCF0068"", ""realname"": """", ""ownername"": ""黑麵之路‧不由分說"", ""datetaken"": ""2017-08-19 19:35:53"", ""max_width"": 8256, ""max_height"": 6192, ""url_max"": ""https://live.staticflickr.com/4351/36530671412_1f9e399513_o.jpg"", ""max_width_2000"": 1600, ""max_height_2000"": 1200, ""url_max_2000"": ""https://live.staticflickr.com/4351/36530671412_3ba6ebbf44_h.jpg"", ""flickr_page"": ""https://www.flickr.com/photos/70202166@N00/36530671412"", ""camera"": ""Fujifilm GFX 50S"", ""create_date"": ""2017:08:19 19:35:53"", ""lens_model"": ""GF32-64mmF4 R LM WR"", ""iso"": ""3200"", ""exposure_time"": ""1/125"", ""exposure_program"": ""Manual"", ""exposure_compensation"": ""0"", ""aperture"": ""4.0"", ""focal_length"": ""36.2 mm"", ""focal_length_in35mm"": ""29 mm"", ""white_balance"": ""Auto"", ""metering_mode"": ""Multi-segment"", ""flash"": ""No Flash"", ""pageid"": ""293""}"
36530667752|70202166@N00|293|Fujifilm GFX 50S|Fujifilm|70202166@N00_Fujifilm_51ba4da6.json|"{""id"": ""36530667752"", ""owner"": ""70202166@N00"", ""title"": ""DSCF0071"", ""realname"": """", ""ownername"": ""黑麵之路‧不由分說"", ""datetaken"": ""2017-08-19 19:36:17"", ""max_width"": 8256, ""max_height"": 6192, ""url_max"": ""https://live.staticflickr.com/4372/36530667752_ac48f6e114_o.jpg"", ""max_width_2000"": 1600, ""max_height_2000"": 1200, ""url_max_2000"": ""https://live.staticflickr.com/4372/36530667752_b5648326cc_h.jpg"", ""flickr_page"": ""https://www.flickr.com/photos/70202166@N00/36530667752"", ""camera"": ""Fujifilm GFX 50S"", ""create_date"": ""2017:08:19 19:36:17"", ""lens_model"": ""GF32-64mmF4 R LM WR"", ""iso"": ""1600"", ""exposure_time"": ""1/125"", ""exposure_program"": ""Manual"", ""exposure_compensation"": ""0"", ""aperture"": ""4.0"", ""focal_length"": ""36.2 mm"", ""focal_length_in35mm"": ""29 mm"", ""white_balance"": ""Auto"", ""metering_mode"": ""Multi-segment"", ""flash"": ""No Flash"", ""pageid"": ""293""}"
35685183214|70202166@N00|293|Fujifilm GFX 50S|Fujifilm|70202166@N00_Fujifilm_51ba4da6.json|"{""id"": ""35685183214"", ""owner"": ""70202166@N00"", ""title"": ""DSCF9203"", ""realname"": """", ""ownername"": ""黑麵之路‧不由分說"", ""datetaken"": ""2017-07-29 13:52:52"", ""max_width"": 8256, ""max_height"": 6192, ""url_max"": ""https://live.staticflickr.com/4377/35685183214_fc4688b635_o.jpg"", ""max_width_2000"": 1536, ""max_height_2000"": 2048, ""url_max_2000"": ""https://live.staticflickr.com/4377/35685183214_3359df4106_k.jpg"", ""flickr_page"": ""https://www.flickr.com/photos/70202166@N00/35685183214"", ""camera"": ""Fujifilm GFX 50S"", ""create_date"": ""2017:07:29 13:52:52"", ""lens_model"": ""GF32-64mmF4 R LM WR"", ""iso"": ""400"", ""exposure_time"": ""1/140"", ""exposure_program"": ""Aperture-priority AE"", ""exposure_compensation"": ""+1.33"", ""aperture"": ""4.0"", ""focal_length"": ""64.0 mm"", ""focal_length_in35mm"": ""51 mm"", ""white_balance"": ""Auto"", ""metering_mode"": ""Multi-segment"", ""flash"": ""No Flash"", ""pageid"": ""293""}"
36530665362|70202166@N00|293|Fujifilm GFX 50S|Fujifilm|70202166@N00_Fujifilm_51ba4da6.json|"{""id"": ""36530665362"", ""owner"": ""70202166@N00"", ""title"": ""DSCF0073"", ""realname"": """", ""ownername"": ""黑麵之路‧不由分說"", ""datetaken"": ""2017-08-19 19:36:21"", ""max_width"": 8256, ""max_height"": 6192, ""url_max"": ""https://live.staticflickr.com/4375/36530665362_61ed731384_o.jpg"", ""max_width_2000"": 1600, ""max_height_2000"": 1200, ""url_max_2000"": ""https://live.staticflickr.com/4375/36530665362_23c829ff1a_h.jpg"", ""flickr_page"": ""https://www.flickr.com/photos/70202166@N00/36530665362"", ""camera"": ""Fujifilm GFX 50S"", ""create_date"": ""2017:08:19 19:36:21"", ""lens_model"": ""GF32-64mmF4 R LM WR"", ""iso"": ""1600"", ""exposure_time"": ""1/125"", ""exposure_program"": ""Manual"", ""exposure_compensation"": ""0"", ""aperture"": ""4.0"", ""focal_length"": ""36.2 mm"", ""focal_length_in35mm"": ""29 mm"", ""white_balance"": ""Auto"", ""metering_mode"": ""Multi-segment"", ""flash"": ""No Flash"", ""pageid"": ""293""}"
36530663602|70202166@N00|293|Fujifilm GFX 50S|Fujifilm|70202166@N00_Fujifilm_51ba4da6.json|"{""id"": ""36530663602"", ""owner"": ""70202166@N00"", ""title"": ""DSCF5131"", ""realname"": """", ""ownername"": ""黑麵之路‧不由分說"", ""datetaken"": ""2017-08-19 19:29:12"", ""max_width"": 8256, ""max_height"": 6192, ""url_max"": ""https://live.staticflickr.com/4434/36530663602_ea24e8c4d6_o.jpg"", ""max_width_2000"": 1600, ""max_height_2000"": 1200, ""url_max_2000"": ""https://live.staticflickr.com/4434/36530663602_974bb6f18d_h.jpg"", ""flickr_page"": ""https://www.flickr.com/photos/70202166@N00/36530663602"", ""camera"": ""Fujifilm GFX 50S"", ""create_date"": ""2017:08:19 19:29:12"", ""lens_model"": ""GF110mmF2 R LM WR"", ""iso"": ""800"", ""exposure_time"": ""1/125"", ""exposure_program"": ""Manual"", ""exposure_compensation"": ""0"", ""aperture"": ""2.0"", ""focal_length"": ""110.0 mm"", ""focal_length_in35mm"": ""87 mm"", ""white_balance"": ""Auto"", ""metering_mode"": ""Multi-segment"", ""flash"": ""No Flash"", ""pageid"": ""293""}"
35711356303|70202166@N00|293|Fujifilm GFX 50S|Fujifilm|70202166@N00_Fujifilm_51ba4da6.json|"{""id"": ""35711356303"", ""owner"": ""70202166@N00"", ""title"": ""DSCF9980"", ""realname"": """", ""ownername"": ""黑麵之路‧不由分說"", ""datetaken"": ""2017-07-30 09:50:09"", ""max_width"": 8256, ""max_height"": 6192, ""url_max"": ""https://live.staticflickr.com/4435/35711356303_5f7ff0f7bf_o.jpg"", ""max_width_2000"": 1600, ""max_height_2000"": 1200, ""url_max_2000"": ""https://live.staticflickr.com/4435/35711356303_305b2acda4_h.jpg"", ""flickr_page"": ""https://www.flickr.com/photos/70202166@N00/35711356303"", ""camera"": ""Fujifilm GFX 50S"", ""create_date"": ""2017:07:30 09:50:09"", ""lens_model"": ""GF110mmF2 R LM WR"", ""iso"": ""400"", ""exposure_time"": ""1/125"", ""exposure_program"": ""Manual"", ""exposure_compensation"": ""0"", ""aperture"": ""2.0"", ""focal_length"": ""110.0 mm"", ""focal_length_in35mm"": ""87 mm"", ""white_balance"": ""Auto"", ""metering_mode"": ""Multi-segment"", ""flash"": ""No Flash"", ""pageid"": ""293""}"
36382658741|70202166@N00|293|Fujifilm GFX 50S|Fujifilm|70202166@N00_Fujifilm_51ba4da6.json|"{""id"": ""36382658741"", ""owner"": ""70202166@N00"", ""title"": ""DSCF9160"", ""realname"": """", ""ownername"": ""黑麵之路‧不由分說"", ""datetaken"": ""2017-07-29 12:12:38"", ""max_width"": 8256, ""max_height"": 6192, ""url_max"": ""https://live.staticflickr.com/4343/36382658741_288e4831bc_o.jpg"", ""max_width_2000"": 1536, ""max_height_2000"": 2048, ""url_max_2000"": ""https://live.staticflickr.com/4343/36382658741_46b63cab90_k.jpg"", ""flickr_page"": ""https://www.flickr.com/photos/70202166@N00/36382658741"", ""camera"": ""Fujifilm GFX 50S"", ""create_date"": ""2017:07:29 12:12:38"", ""lens_model"": ""GF32-64mmF4 R LM WR"", ""iso"": ""1600"", ""exposure_time"": ""1/34"", ""exposure_program"": ""Aperture-priority AE"", ""exposure_compensation"": ""+2"", ""aperture"": ""4.0"", ""focal_length"": ""58.6 mm"", ""focal_length_in35mm"": ""46 mm"", ""white_balance"": ""Auto"", ""metering_mode"": ""Multi-segment"", ""flash"": ""No Flash"", ""pageid"": ""293""}"
36520165505|70202166@N00|293|Fujifilm GFX 50S|Fujifilm|70202166@N00_Fujifilm_51ba4da6.json|"{""id"": ""36520165505"", ""owner"": ""70202166@N00"", ""title"": ""DSCF9278"", ""realname"": """", ""ownername"": ""黑麵之路‧不由分說"", ""datetaken"": ""2017-07-29 14:55:28"", ""max_width"": 8256, ""max_height"": 6192, ""url_max"": ""https://live.staticflickr.com/4399/36520165505_aff5894f99_o.jpg"", ""max_width_2000"": 1600, ""max_height_2000"": 1200, ""url_max_2000"": ""https://live.staticflickr.com/4399/36520165505_acafdd0012_h.jpg"", ""flickr_page"": ""https://www.flickr.com/photos/70202166@N00/36520165505"", ""camera"": ""Fujifilm GFX 50S"", ""create_date"": ""2017:07:29 14:55:28"", ""lens_model"": ""GF110mmF2 R LM WR"", ""iso"": ""800"", ""exposure_time"": ""1/200"", ""exposure_program"": ""Aperture-priority AE"", ""exposure_compensation"": ""+0.67"", ""aperture"": ""2.0"", ""focal_length"": ""110.0 mm"", ""focal_length_in35mm"": ""87 mm"", ""white_balance"": ""Auto"", ""metering_mode"": ""Multi-segment"", ""flash"": ""No Flash"", ""pageid"": ""293""}"
36382659861|70202166@N00|293|Fujifilm GFX 50S|Fujifilm|70202166@N00_Fujifilm_51ba4da6.json|"{""id"": ""36382659861"", ""owner"": ""70202166@N00"", ""title"": ""DSCF9727"", ""realname"": """", ""ownername"": ""黑麵之路‧不由分說"", ""datetaken"": ""2017-07-29 21:44:22"", ""max_width"": 8256, ""max_height"": 6192, ""url_max"": ""https://live.staticflickr.com/4422/36382659861_e43bd4b09a_o.jpg"", ""max_width_2000"": 1536, ""max_height_2000"": 2048, ""url_max_2000"": ""https://live.staticflickr.com/4422/36382659861_8867979f2b_k.jpg"", ""flickr_page"": ""https://www.flickr.com/photos/70202166@N00/36382659861"", ""camera"": ""Fujifilm GFX 50S"", ""create_date"": ""2017:07:29 21:44:22"", ""lens_model"": ""GF32-64mmF4 R LM WR"", ""iso"": ""200"", ""exposure_time"": ""1/125"", ""exposure_program"": ""Manual"", ""exposure_compensation"": ""0"", ""aperture"": ""4.0"", ""focal_length"": ""51.7 mm"", ""focal_length_in35mm"": ""41 mm"", ""white_balance"": ""Auto"", ""metering_mode"": ""Multi-segment"", ""flash"": ""No Flash"", ""pageid"": ""293""}"
35711360743|70202166@N00|293|Fujifilm GFX 50S|Fujifilm|70202166@N00_Fujifilm_51ba4da6.json|"{""id"": ""35711360743"", ""owner"": ""70202166@N00"", ""title"": ""DSCF9247"", ""realname"": """", ""ownername"": ""黑麵之路‧不由分說"", ""datetaken"": ""2017-07-29 14:41:19"", ""max_width"": 8256, ""max_height"": 6192, ""url_max"": ""https://live.staticflickr.com/4360/35711360743_a366fabe05_o.jpg"", ""max_width_2000"": 1600, ""max_height_2000"": 1200, ""url_max_2000"": ""https://live.staticflickr.com/4360/35711360743_1fbcdb6c2d_h.jpg"", ""flickr_page"": ""https://www.flickr.com/photos/70202166@N00/35711360743"", ""camera"": ""Fujifilm GFX 50S"", ""create_date"": ""2017:07:29 14:41:19"", ""lens_model"": ""GF110mmF2 R LM WR"", ""iso"": ""400"", ""exposure_time"": ""1/210"", ""exposure_program"": ""Aperture-priority AE"", ""exposure_compensation"": ""+1.33"", ""aperture"": ""2.0"", ""focal_length"": ""110.0 mm"", ""focal_length_in35mm"": ""87 mm"", ""white_balance"": ""Auto"", ""metering_mode"": ""Multi-segment"", ""flash"": ""No Flash"", ""pageid"": ""293""}"
36520166675|70202166@N00|293|Fujifilm GFX 50S|Fujifilm|70202166@N00_Fujifilm_51ba4da6.json|"{""id"": ""36520166675"", ""owner"": ""70202166@N00"", ""title"": ""DSCF9234"", ""realname"": """", ""ownername"": ""黑麵之路‧不由分說"", ""datetaken"": ""2017-07-29 14:20:36"", ""max_width"": 8256, ""max_height"": 6192, ""url_max"": ""https://live.staticflickr.com/4442/36520166675_20bffe877b_o.jpg"", ""max_width_2000"": 1600, ""max_height_2000"": 1200, ""url_max_2000"": ""https://live.staticflickr.com/4442/36520166675_5632f690aa_h.jpg"", ""flickr_page"": ""https://www.flickr.com/photos/70202166@N00/36520166675"", ""camera"": ""Fujifilm GFX 50S"", ""create_date"": ""2017:07:29 14:20:36"", ""lens_model"": ""GF32-64mmF4 R LM WR"", ""iso"": ""200"", ""exposure_time"": ""1/56"", ""exposure_program"": ""Aperture-priority AE"", ""exposure_compensation"": ""+1"", ""aperture"": ""4.0"", ""focal_length"": ""64.0 mm"", ""focal_length_in35mm"": ""51 mm"", ""white_balance"": ""Auto"", ""metering_mode"": ""Multi-segment"", ""flash"": ""No Flash"", ""pageid"": ""293""}"
35603130234|70202166@N00|293|Fujifilm GFX 50S|Fujifilm|70202166@N00_Fujifilm_51ba4da6.json|"{""id"": ""35603130234"", ""owner"": ""70202166@N00"", ""title"": ""DSCF0207"", ""realname"": """", ""ownername"": ""黑麵之路‧不由分說"", ""datetaken"": ""2017-08-08 11:24:36"", ""max_width"": 8256, ""max_height"": 6192, ""url_max"": ""https://live.staticflickr.com/4410/35603130234_d70cc98937_o.jpg"", ""max_width_2000"": 1600, ""max_height_2000"": 1200, ""url_max_2000"": ""https://live.staticflickr.com/4410/35603130234_991b480404_h.jpg"", ""flickr_page"": ""https://www.flickr.com/photos/70202166@N00/35603130234"", ""camera"": ""Fujifilm GFX 50S"", ""create_date"": ""2017:08:08 11:24:36"", ""lens_model"": ""GF110mmF2 R LM WR"", ""iso"": ""12800"", ""exposure_time"": ""1/320"", ""exposure_program"": ""Manual"", ""exposure_compensation"": ""+1"", ""aperture"": ""10.0"", ""focal_length"": ""110.0 mm"", ""focal_length_in35mm"": ""87 mm"", ""white_balance"": ""Auto"", ""metering_mode"": ""Multi-segment"", ""flash"": ""No Flash"", ""pageid"": ""293""}"
35711358523|70202166@N00|293|Fujifilm GFX 50S|Fujifilm|70202166@N00_Fujifilm_51ba4da6.json|"{""id"": ""35711358523"", ""owner"": ""70202166@N00"", ""title"": ""DSCF9313"", ""realname"": """", ""ownername"": ""黑麵之路‧不由分說"", ""datetaken"": ""2017-07-29 15:19:57"", ""max_width"": 8256, ""max_height"": 6192, ""url_max"": ""https://live.staticflickr.com/4400/35711358523_784558f1f9_o.jpg"", ""max_width_2000"": 1600, ""max_height_2000"": 1200, ""url_max_2000"": ""https://live.staticflickr.com/4400/35711358523_199778afd6_h.jpg"", ""flickr_page"": ""https://www.flickr.com/photos/70202166@N00/35711358523"", ""camera"": ""Fujifilm GFX 50S"", ""create_date"": ""2017:07:29 15:19:57"", ""lens_model"": ""GF110mmF2 R LM WR"", ""iso"": ""3200"", ""exposure_time"": ""1/850"", ""exposure_program"": ""Aperture-priority AE"", ""exposure_compensation"": ""+1.33"", ""aperture"": ""2.0"", ""focal_length"": ""110.0 mm"", ""focal_length_in35mm"": ""87 mm"", ""white_balance"": ""Auto"", ""metering_mode"": ""Multi-segment"", ""flash"": ""No Flash"", ""pageid"": ""293""}"
35603128374|70202166@N00|293|Fujifilm GFX 50S|Fujifilm|70202166@N00_Fujifilm_51ba4da6.json|"{""id"": ""35603128374"", ""owner"": ""70202166@N00"", ""title"": ""DSCF0213"", ""realname"": """", ""ownername"": ""黑麵之路‧不由分說"", ""datetaken"": ""2017-08-08 11:28:22"", ""max_width"": 8256, ""max_height"": 6192, ""url_max"": ""https://live.staticflickr.com/4425/35603128374_cbbf69b8c3_o.jpg"", ""max_width_2000"": 1600, ""max_height_2000"": 1200, ""url_max_2000"": ""https://live.staticflickr.com/4425/35603128374_18e255536c_h.jpg"", ""flickr_page"": ""https://www.flickr.com/photos/70202166@N00/35603128374"", ""camera"": ""Fujifilm GFX 50S"", ""create_date"": ""2017:08:08 11:28:22"", ""lens_model"": ""GF110mmF2 R LM WR"", ""iso"": ""320"", ""exposure_time"": ""1/320"", ""exposure_program"": ""Manual"", ""exposure_compensation"": ""+1"", ""aperture"": ""2.0"", ""focal_length"": ""110.0 mm"", ""focal_length_in35mm"": ""87 mm"", ""white_balance"": ""Auto"", ""metering_mode"": ""Multi-segment"", ""flash"": ""No Flash"", ""pageid"": ""293""}"
36530668892|70202166@N00|293|Fujifilm GFX 50S|Fujifilm|70202166@N00_Fujifilm_51ba4da6.json|"{""id"": ""36530668892"", ""owner"": ""70202166@N00"", ""title"": ""DSCF0070"", ""realname"": """", ""ownername"": ""黑麵之路‧不由分說"", ""datetaken"": ""2017-08-19 19:36:15"", ""max_width"": 8256, ""max_height"": 6192, ""url_max"": ""https://live.staticflickr.com/4360/36530668892_9614c0113f_o.jpg"", ""max_width_2000"": 1600, ""max_height_2000"": 1200, ""url_max_2000"": ""https://live.staticflickr.com/4360/36530668892_a0f26789a3_h.jpg"", ""flickr_page"": ""https://www.flickr.com/photos/70202166@N00/36530668892"", ""camera"": ""Fujifilm GFX 50S"", ""create_date"": ""2017:08:19 19:36:15"", ""lens_model"": ""GF32-64mmF4 R LM WR"", ""iso"": ""1600"", ""exposure_time"": ""1/125"", ""exposure_program"": ""Manual"", ""exposure_compensation"": ""0"", ""aperture"": ""4.0"", ""focal_length"": ""36.2 mm"", ""focal_length_in35mm"": ""29 mm"", ""white_balance"": ""Auto"", ""metering_mode"": ""Multi-segment"", ""flash"": ""No Flash"", ""pageid"": ""293""}"
36367452215|70202166@N00|294|Fujifilm GFX 50S|Fujifilm|70202166@N00_Fujifilm_51ba4da6.json|"{""id"": ""36367452215"", ""owner"": ""70202166@N00"", ""title"": ""DSCF9459"", ""realname"": """", ""ownername"": ""黑麵之路‧不由分說"", ""datetaken"": ""2017-07-29 19:14:56"", ""max_width"": 8256, ""max_height"": 6192, ""url_max"": ""https://live.staticflickr.com/4341/36367452215_532abe88e4_o.jpg"", ""max_width_2000"": 1536, ""max_height_2000"": 2048, ""url_max_2000"": ""https://live.staticflickr.com/4341/36367452215_3c6d541fc4_k.jpg"", ""flickr_page"": ""https://www.flickr.com/photos/70202166@N00/36367452215"", ""camera"": ""Fujifilm GFX 50S"", ""create_date"": ""2017:07:29 19:14:56"", ""lens_model"": ""GF32-64mmF4 R LM WR"", ""iso"": ""400"", ""exposure_time"": ""1/125"", ""exposure_program"": ""Manual"", ""exposure_compensation"": ""0"", ""aperture"": ""5.0"", ""focal_length"": ""52.7 mm"", ""focal_length_in35mm"": ""42 mm"", ""white_balance"": ""Auto"", ""metering_mode"": ""Multi-segment"", ""flash"": ""No Flash"", ""pageid"": ""294""}"
36392454156|70202166@N00|294|Fujifilm GFX 50S|Fujifilm|70202166@N00_Fujifilm_51ba4da6.json|"{""id"": ""36392454156"", ""owner"": ""70202166@N00"", ""title"": ""DSCF0184"", ""realname"": """", ""ownername"": ""黑麵之路‧不由分說"", ""datetaken"": ""2017-08-08 11:19:11"", ""max_width"": 8256, ""max_height"": 6192, ""url_max"": ""https://live.staticflickr.com/4424/36392454156_4790d5501e_o.jpg"", ""max_width_2000"": 1600, ""max_height_2000"": 1200, ""url_max_2000"": ""https://live.staticflickr.com/4424/36392454156_1c71307130_h.jpg"", ""flickr_page"": ""https://www.flickr.com/photos/70202166@N00/36392454156"", ""camera"": ""Fujifilm GFX 50S"", ""create_date"": ""2017:08:08 11:19:11"", ""lens_model"": ""GF110mmF2 R LM WR"", ""iso"": ""640"", ""exposure_time"": ""1/125"", ""exposure_program"": ""Manual"", ""exposure_compensation"": ""+1.33"", ""aperture"": ""3.6"", ""focal_length"": ""110.0 mm"", ""focal_length_in35mm"": ""87 mm"", ""white_balance"": ""Auto"", ""metering_mode"": ""Multi-segment"", ""flash"": ""No Flash"", ""pageid"": ""294""}"
35559080643|70202166@N00|294|Fujifilm GFX 50S|Fujifilm|70202166@N00_Fujifilm_51ba4da6.json|"{""id"": ""35559080643"", ""owner"": ""70202166@N00"", ""title"": ""DSCF9455"", ""realname"": """", ""ownername"": ""黑麵之路‧不由分說"", ""datetaken"": ""2017-07-29 19:14:17"", ""max_width"": 8256, ""max_height"": 6192, ""url_max"": ""https://live.staticflickr.com/4407/35559080643_e01ddcd13a_o.jpg"", ""max_width_2000"": 1536, ""max_height_2000"": 2048, ""url_max_2000"": ""https://live.staticflickr.com/4407/35559080643_b19e4b993d_k.jpg"", ""flickr_page"": ""https://www.flickr.com/photos/70202166@N00/35559080643"", ""camera"": ""Fujifilm GFX 50S"", ""create_date"": ""2017:07:29 19:14:17"", ""lens_model"": ""GF32-64mmF4 R LM WR"", ""iso"": ""400"", ""exposure_time"": ""1/125"", ""exposure_program"": ""Manual"", ""exposure_compensation"": ""0"", ""aperture"": ""5.0"", ""focal_length"": ""54.6 mm"", ""focal_length_in35mm"": ""43 mm"", ""white_balance"": ""Auto"", ""metering_mode"": ""Multi-segment"", ""flash"": ""No Flash"", ""pageid"": ""294""}"
36041299610|70202166@N00|294|Fujifilm GFX 50S|Fujifilm|70202166@N00_Fujifilm_51ba4da6.json|"{""id"": ""36041299610"", ""owner"": ""70202166@N00"", ""title"": ""DSCF0189"", ""realname"": """", ""ownername"": ""黑麵之路‧不由分說"", ""datetaken"": ""2017-08-08 11:21:40"", ""max_width"": 8256, ""max_height"": 6192, ""url_max"": ""https://live.staticflickr.com/4390/36041299610_f3089f773a_o.jpg"", ""max_width_2000"": 1600, ""max_height_2000"": 1200, ""url_max_2000"": ""https://live.staticflickr.com/4390/36041299610_5dfa5a59be_h.jpg"", ""flickr_page"": ""https://www.flickr.com/photos/70202166@N00/36041299610"", ""camera"": ""Fujifilm GFX 50S"", ""create_date"": ""2017:08:08 11:21:40"", ""lens_model"": ""GF110mmF2 R LM WR"", ""iso"": ""320"", ""exposure_time"": ""1/320"", ""exposure_program"": ""Manual"", ""exposure_compensation"": ""+0.67"", ""aperture"": ""2.0"", ""focal_length"": ""110.0 mm"", ""focal_length_in35mm"": ""87 mm"", ""white_balance"": ""Auto"", ""metering_mode"": ""Multi-segment"", ""flash"": ""No Flash"", ""pageid"": ""294""}"
35630287253|70202166@N00|294|Fujifilm GFX 50S|Fujifilm|70202166@N00_Fujifilm_51ba4da6.json|"{""id"": ""35630287253"", ""owner"": ""70202166@N00"", ""title"": ""DSCF0175"", ""realname"": """", ""ownername"": ""黑麵之路‧不由分說"", ""datetaken"": ""2017-08-08 11:16:07"", ""max_width"": 8256, ""max_height"": 6192, ""url_max"": ""https://live.staticflickr.com/4406/35630287253_3fa45ffef9_o.jpg"", ""max_width_2000"": 1600, ""max_height_2000"": 1200, ""url_max_2000"": ""https://live.staticflickr.com/4406/35630287253_d8325ca667_h.jpg"", ""flickr_page"": ""https://www.flickr.com/photos/70202166@N00/35630287253"", ""camera"": ""Fujifilm GFX 50S"", ""create_date"": ""2017:08:08 11:16:07"", ""lens_model"": ""GF110mmF2 R LM WR"", ""iso"": ""100"", ""exposure_time"": ""1/125"", ""exposure_program"": ""Manual"", ""exposure_compensation"": ""+1.33"", ""aperture"": ""2.0"", ""focal_length"": ""110.0 mm"", ""focal_length_in35mm"": ""87 mm"", ""white_balance"": ""Auto"", ""metering_mode"": ""Multi-segment"", ""flash"": ""No Flash"", ""pageid"": ""294""}"
36198900172|70202166@N00|294|Fujifilm GFX 50S|Fujifilm|70202166@N00_Fujifilm_51ba4da6.json|"{""id"": ""36198900172"", ""owner"": ""70202166@N00"", ""title"": ""DSCF9456"", ""realname"": """", ""ownername"": ""黑麵之路‧不由分說"", ""datetaken"": ""2017-07-29 19:14:21"", ""max_width"": 8256, ""max_height"": 6192, ""url_max"": ""https://live.staticflickr.com/4413/36198900172_fdea37ee49_o.jpg"", ""max_width_2000"": 1536, ""max_height_2000"": 2048, ""url_max_2000"": ""https://live.staticflickr.com/4413/36198900172_be647f4f3a_k.jpg"", ""flickr_page"": ""https://www.flickr.com/photos/70202166@N00/36198900172"", ""camera"": ""Fujifilm GFX 50S"", ""create_date"": ""2017:07:29 19:14:21"", ""lens_model"": ""GF32-64mmF4 R LM WR"", ""iso"": ""400"", ""exposure_time"": ""1/125"", ""exposure_program"": ""Manual"", ""exposure_compensation"": ""0"", ""aperture"": ""5.0"", ""focal_length"": ""54.6 mm"", ""focal_length_in35mm"": ""43 mm"", ""white_balance"": ""Auto"", ""metering_mode"": ""Multi-segment"", ""flash"": ""No Flash"", ""pageid"": ""294""}"
36198898542|70202166@N00|294|Fujifilm GFX 50S|Fujifilm|70202166@N00_Fujifilm_51ba4da6.json|"{""id"": ""36198898542"", ""owner"": ""70202166@N00"", ""title"": ""DSCF9458"", ""realname"": """", ""ownername"": ""黑麵之路‧不由分說"", ""datetaken"": ""2017-07-29 19:14:43"", ""max_width"": 8256, ""max_height"": 6192, ""url_max"": ""https://live.staticflickr.com/4375/36198898542_4144ea8945_o.jpg"", ""max_width_2000"": 1536, ""max_height_2000"": 2048, ""url_max_2000"": ""https://live.staticflickr.com/4375/36198898542_d5e09df255_k.jpg"", ""flickr_page"": ""https://www.flickr.com/photos/70202166@N00/36198898542"", ""camera"": ""Fujifilm GFX 50S"", ""create_date"": ""2017:07:29 19:14:43"", ""lens_model"": ""GF32-64mmF4 R LM WR"", ""iso"": ""400"", ""exposure_time"": ""1/125"", ""exposure_program"": ""Manual"", ""exposure_compensation"": ""0"", ""aperture"": ""5.0"", ""focal_length"": ""53.6 mm"", ""focal_length_in35mm"": ""42 mm"", ""white_balance"": ""Auto"", ""metering_mode"": ""Multi-segment"", ""flash"": ""No Flash"", ""pageid"": ""294""}"
35559082763|70202166@N00|294|Fujifilm GFX 50S|Fujifilm|70202166@N00_Fujifilm_51ba4da6.json|"{""id"": ""35559082763"", ""owner"": ""70202166@N00"", ""title"": ""DSCF9449"", ""realname"": """", ""ownername"": ""黑麵之路‧不由分說"", ""datetaken"": ""2017-07-29 19:13:53"", ""max_width"": 8256, ""max_height"": 6192, ""url_max"": ""https://live.staticflickr.com/4395/35559082763_cde8d3ac10_o.jpg"", ""max_width_2000"": 1536, ""max_height_2000"": 2048, ""url_max_2000"": ""https://live.staticflickr.com/4395/35559082763_a3ff843e38_k.jpg"", ""flickr_page"": ""https://www.flickr.com/photos/70202166@N00/35559082763"", ""camera"": ""Fujifilm GFX 50S"", ""create_date"": ""2017:07:29 19:13:53"", ""lens_model"": ""GF32-64mmF4 R LM WR"", ""iso"": ""400"", ""exposure_time"": ""1/125"", ""exposure_program"": ""Manual"", ""exposure_compensation"": ""0"", ""aperture"": ""4.0"", ""focal_length"": ""56.5 mm"", ""focal_length_in35mm"": ""45 mm"", ""white_balance"": ""Auto"", ""metering_mode"": ""Multi-segment"", ""flash"": ""No Flash"", ""pageid"": ""294""}"
36230680441|70202166@N00|294|Fujifilm GFX 50S|Fujifilm|70202166@N00_Fujifilm_51ba4da6.json|"{""id"": ""36230680441"", ""owner"": ""70202166@N00"", ""title"": ""DSCF9451"", ""realname"": """", ""ownername"": ""黑麵之路‧不由分說"", ""datetaken"": ""2017-07-29 19:14:01"", ""max_width"": 8256, ""max_height"": 6192, ""url_max"": ""https://live.staticflickr.com/4334/36230680441_c861237dd8_o.jpg"", ""max_width_2000"": 1536, ""max_height_2000"": 2048, ""url_max_2000"": ""https://live.staticflickr.com/4334/36230680441_106f348241_k.jpg"", ""flickr_page"": ""https://www.flickr.com/photos/70202166@N00/36230680441"", ""camera"": ""Fujifilm GFX 50S"", ""create_date"": ""2017:07:29 19:14:01"", ""lens_model"": ""GF32-64mmF4 R LM WR"", ""iso"": ""400"", ""exposure_time"": ""1/125"", ""exposure_program"": ""Manual"", ""exposure_compensation"": ""0"", ""aperture"": ""4.0"", ""focal_length"": ""48.2 mm"", ""focal_length_in35mm"": ""38 mm"", ""white_balance"": ""Auto"", ""metering_mode"": ""Multi-segment"", ""flash"": ""No Flash"", ""pageid"": ""294""}"
36438097885|70202166@N00|294|Fujifilm GFX 50S|Fujifilm|70202166@N00_Fujifilm_51ba4da6.json|"{""id"": ""36438097885"", ""owner"": ""70202166@N00"", ""title"": ""DSCF0168"", ""realname"": """", ""ownername"": ""黑麵之路‧不由分說"", ""datetaken"": ""2017-08-08 11:15:11"", ""max_width"": 8256, ""max_height"": 6192, ""url_max"": ""https://live.staticflickr.com/4342/36438097885_edd174fbb7_o.jpg"", ""max_width_2000"": 1600, ""max_height_2000"": 1200, ""url_max_2000"": ""https://live.staticflickr.com/4342/36438097885_de501ebc40_h.jpg"", ""flickr_page"": ""https://www.flickr.com/photos/70202166@N00/36438097885"", ""camera"": ""Fujifilm GFX 50S"", ""create_date"": ""2017:08:08 11:15:11"", ""lens_model"": ""GF110mmF2 R LM WR"", ""iso"": ""100"", ""exposure_time"": ""1/125"", ""exposure_program"": ""Manual"", ""exposure_compensation"": ""+0.67"", ""aperture"": ""2.0"", ""focal_length"": ""110.0 mm"", ""focal_length_in35mm"": ""87 mm"", ""white_balance"": ""Auto"", ""metering_mode"": ""Multi-segment"", ""flash"": ""No Flash"", ""pageid"": ""294""}"
35559085143|70202166@N00|294|Fujifilm GFX 50S|Fujifilm|70202166@N00_Fujifilm_51ba4da6.json|"{""id"": ""35559085143"", ""owner"": ""70202166@N00"", ""title"": ""DSCF9448"", ""realname"": """", ""ownername"": ""黑麵之路‧不由分說"", ""datetaken"": ""2017-07-29 19:13:18"", ""max_width"": 8256, ""max_height"": 6192, ""url_max"": ""https://live.staticflickr.com/4437/35559085143_66598cc7db_o.jpg"", ""max_width_2000"": 1536, ""max_height_2000"": 2048, ""url_max_2000"": ""https://live.staticflickr.com/4437/35559085143_0d2ab1cb26_k.jpg"", ""flickr_page"": ""https://www.flickr.com/photos/70202166@N00/35559085143"", ""camera"": ""Fujifilm GFX 50S"", ""create_date"": ""2017:07:29 19:13:18"", ""lens_model"": ""GF32-64mmF4 R LM WR"", ""iso"": ""400"", ""exposure_time"": ""1/125"", ""exposure_program"": ""Manual"", ""exposure_compensation"": ""0"", ""aperture"": ""4.0"", ""focal_length"": ""44.9 mm"", ""focal_length_in35mm"": ""36 mm"", ""white_balance"": ""Auto"", ""metering_mode"": ""Multi-segment"", ""flash"": ""No Flash"", ""pageid"": ""294""}"
35559087713|70202166@N00|294|Fujifilm GFX 50S|Fujifilm|70202166@N00_Fujifilm_51ba4da6.json|"{""id"": ""35559087713"", ""owner"": ""70202166@N00"", ""title"": ""DSCF9447"", ""realname"": """", ""ownername"": ""黑麵之路‧不由分說"", ""datetaken"": ""2017-07-29 19:13:13"", ""max_width"": 8256, ""max_height"": 6192, ""url_max"": ""https://live.staticflickr.com/4421/35559087713_0cf235c25e_o.jpg"", ""max_width_2000"": 1536, ""max_height_2000"": 2048, ""url_max_2000"": ""https://live.staticflickr.com/4421/35559087713_191eb759ab_k.jpg"", ""flickr_page"": ""https://www.flickr.com/photos/70202166@N00/35559087713"", ""camera"": ""Fujifilm GFX 50S"", ""create_date"": ""2017:07:29 19:13:13"", ""lens_model"": ""GF32-64mmF4 R LM WR"", ""iso"": ""400"", ""exposure_time"": ""1/125"", ""exposure_program"": ""Manual"", ""exposure_compensation"": ""0"", ""aperture"": ""4.0"", ""focal_length"": ""60.7 mm"", ""focal_length_in35mm"": ""48 mm"", ""white_balance"": ""Auto"", ""metering_mode"": ""Multi-segment"", ""flash"": ""No Flash"", ""pageid"": ""294""}"
36198910592|70202166@N00|294|Fujifilm GFX 50S|Fujifilm|70202166@N00_Fujifilm_51ba4da6.json|"{""id"": ""36198910592"", ""owner"": ""70202166@N00"", ""title"": ""DSCF9461"", ""realname"": """", ""ownername"": ""黑麵之路‧不由分說"", ""datetaken"": ""2017-07-29 19:15:06"", ""max_width"": 8256, ""max_height"": 6192, ""url_max"": ""https://live.staticflickr.com/4379/36198910592_cdc4e9350f_o.jpg"", ""max_width_2000"": 1536, ""max_height_2000"": 2048, ""url_max_2000"": ""https://live.staticflickr.com/4379/36198910592_eb93276dc7_k.jpg"", ""flickr_page"": ""https://www.flickr.com/photos/70202166@N00/36198910592"", ""camera"": ""Fujifilm GFX 50S"", ""create_date"": ""2017:07:29 19:15:06"", ""lens_model"": ""GF32-64mmF4 R LM WR"", ""iso"": ""400"", ""exposure_time"": ""1/125"", ""exposure_program"": ""Manual"", ""exposure_compensation"": ""0"", ""aperture"": ""5.0"", ""focal_length"": ""49.0 mm"", ""focal_length_in35mm"": ""39 mm"", ""white_balance"": ""Auto"", ""metering_mode"": ""Multi-segment"", ""flash"": ""No Flash"", ""pageid"": ""294""}"
36220823826|70202166@N00|294|Fujifilm GFX 50S|Fujifilm|70202166@N00_Fujifilm_51ba4da6.json|"{""id"": ""36220823826"", ""owner"": ""70202166@N00"", ""title"": ""DSCF9727"", ""realname"": """", ""ownername"": ""黑麵之路‧不由分說"", ""datetaken"": ""2017-07-29 21:44:22"", ""max_width"": 8256, ""max_height"": 6192, ""url_max"": ""https://live.staticflickr.com/4324/36220823826_922dd7ceef_o.jpg"", ""max_width_2000"": 1536, ""max_height_2000"": 2048, ""url_max_2000"": ""https://live.staticflickr.com/4324/36220823826_a566bd3229_k.jpg"", ""flickr_page"": ""https://www.flickr.com/photos/70202166@N00/36220823826"", ""camera"": ""Fujifilm GFX 50S"", ""create_date"": ""2017:07:29 21:44:22"", ""lens_model"": ""GF32-64mmF4 R LM WR"", ""iso"": ""200"", ""exposure_time"": ""1/125"", ""exposure_program"": ""Manual"", ""exposure_compensation"": ""0"", ""aperture"": ""4.0"", ""focal_length"": ""51.7 mm"", ""focal_length_in35mm"": ""41 mm"", ""white_balance"": ""Auto"", ""metering_mode"": ""Multi-segment"", ""flash"": ""No Flash"", ""pageid"": ""294""}"
35285778853|70202166@N00|299|Fujifilm GFX 50S|Fujifilm|70202166@N00_Fujifilm_51ba4da6.json|"{""id"": ""35285778853"", ""owner"": ""70202166@N00"", ""title"": ""DSCF9042"", ""realname"": """", ""ownername"": ""黑麵之路‧不由分說"", ""datetaken"": ""2017-07-22 19:05:30"", ""max_width"": 8256, ""max_height"": 6192, ""url_max"": ""https://live.staticflickr.com/4317/35285778853_7df5e3cdae_o.jpg"", ""max_width_2000"": 1536, ""max_height_2000"": 2048, ""url_max_2000"": ""https://live.staticflickr.com/4317/35285778853_caa97e2d63_k.jpg"", ""flickr_page"": ""https://www.flickr.com/photos/70202166@N00/35285778853"", ""camera"": ""Fujifilm GFX 50S"", ""create_date"": ""2017:07:22 19:05:30"", ""lens_model"": ""GF32-64mmF4 R LM WR"", ""iso"": ""1600"", ""exposure_time"": ""1/125"", ""exposure_program"": ""Manual"", ""exposure_compensation"": ""0"", ""aperture"": ""4.0"", ""focal_length"": ""64.0 mm"", ""focal_length_in35mm"": ""51 mm"", ""white_balance"": ""Auto"", ""metering_mode"": ""Multi-segment"", ""flash"": ""No Flash"", ""pageid"": ""299""}"
35285780803|70202166@N00|299|Fujifilm GFX 50S|Fujifilm|70202166@N00_Fujifilm_51ba4da6.json|"{""id"": ""35285780803"", ""owner"": ""70202166@N00"", ""title"": ""DSCF9041"", ""realname"": """", ""ownername"": ""黑麵之路‧不由分說"", ""datetaken"": ""2017-07-22 19:05:27"", ""max_width"": 8256, ""max_height"": 6192, ""url_max"": ""https://live.staticflickr.com/4312/35285780803_758cfb674f_o.jpg"", ""max_width_2000"": 1536, ""max_height_2000"": 2048, ""url_max_2000"": ""https://live.staticflickr.com/4312/35285780803_dbfdddebe2_k.jpg"", ""flickr_page"": ""https://www.flickr.com/photos/70202166@N00/35285780803"", ""camera"": ""Fujifilm GFX 50S"", ""create_date"": ""2017:07:22 19:05:27"", ""lens_model"": ""GF32-64mmF4 R LM WR"", ""iso"": ""1600"", ""exposure_time"": ""1/125"", ""exposure_program"": ""Manual"", ""exposure_compensation"": ""0"", ""aperture"": ""4.0"", ""focal_length"": ""38.9 mm"", ""focal_length_in35mm"": ""31 mm"", ""white_balance"": ""Auto"", ""metering_mode"": ""Multi-segment"", ""flash"": ""No Flash"", ""pageid"": ""299""}"
35285783793|70202166@N00|299|Fujifilm GFX 50S|Fujifilm|70202166@N00_Fujifilm_51ba4da6.json|"{""id"": ""35285783793"", ""owner"": ""70202166@N00"", ""title"": ""DSCF9038"", ""realname"": """", ""ownername"": ""黑麵之路‧不由分說"", ""datetaken"": ""2017-07-22 19:05:18"", ""max_width"": 8256, ""max_height"": 6192, ""url_max"": ""https://live.staticflickr.com/4314/35285783793_85eb1b0925_o.jpg"", ""max_width_2000"": 1536, ""max_height_2000"": 2048, ""url_max_2000"": ""https://live.staticflickr.com/4314/35285783793_6a05eb0194_k.jpg"", ""flickr_page"": ""https://www.flickr.com/photos/70202166@N00/35285783793"", ""camera"": ""Fujifilm GFX 50S"", ""create_date"": ""2017:07:22 19:05:18"", ""lens_model"": ""GF32-64mmF4 R LM WR"", ""iso"": ""1600"", ""exposure_time"": ""1/125"", ""exposure_program"": ""Manual"", ""exposure_compensation"": ""0"", ""aperture"": ""4.0"", ""focal_length"": ""38.2 mm"", ""focal_length_in35mm"": ""30 mm"", ""white_balance"": ""Auto"", ""metering_mode"": ""Multi-segment"", ""flash"": ""No Flash"", ""pageid"": ""299""}"
35285787603|70202166@N00|299|Fujifilm GFX 50S|Fujifilm|70202166@N00_Fujifilm_51ba4da6.json|"{""id"": ""35285787603"", ""owner"": ""70202166@N00"", ""title"": ""DSCF9036"", ""realname"": """", ""ownername"": ""黑麵之路‧不由分說"", ""datetaken"": ""2017-07-22 19:05:09"", ""max_width"": 8256, ""max_height"": 6192, ""url_max"": ""https://live.staticflickr.com/4329/35285787603_b35f71515a_o.jpg"", ""max_width_2000"": 1536, ""max_height_2000"": 2048, ""url_max_2000"": ""https://live.staticflickr.com/4329/35285787603_2de67dfc6e_k.jpg"", ""flickr_page"": ""https://www.flickr.com/photos/70202166@N00/35285787603"", ""camera"": ""Fujifilm GFX 50S"", ""create_date"": ""2017:07:22 19:05:09"", ""lens_model"": ""GF32-64mmF4 R LM WR"", ""iso"": ""1600"", ""exposure_time"": ""1/125"", ""exposure_program"": ""Manual"", ""exposure_compensation"": ""0"", ""aperture"": ""4.0"", ""focal_length"": ""42.5 mm"", ""focal_length_in35mm"": ""34 mm"", ""white_balance"": ""Auto"", ""metering_mode"": ""Multi-segment"", ""flash"": ""No Flash"", ""pageid"": ""299""}"
35961852931|70202166@N00|299|Fujifilm GFX 50S|Fujifilm|70202166@N00_Fujifilm_51ba4da6.json|"{""id"": ""35961852931"", ""owner"": ""70202166@N00"", ""title"": ""DSCF9037"", ""realname"": """", ""ownername"": ""黑麵之路‧不由分說"", ""datetaken"": ""2017-07-22 19:05:14"", ""max_width"": 8256, ""max_height"": 6192, ""url_max"": ""https://live.staticflickr.com/4307/35961852931_f46a8a29a4_o.jpg"", ""max_width_2000"": 1536, ""max_height_2000"": 2048, ""url_max_2000"": ""https://live.staticflickr.com/4307/35961852931_8991bd2708_k.jpg"", ""flickr_page"": ""https://www.flickr.com/photos/70202166@N00/35961852931"", ""camera"": ""Fujifilm GFX 50S"", ""create_date"": ""2017:07:22 19:05:14"", ""lens_model"": ""GF32-64mmF4 R LM WR"", ""iso"": ""1600"", ""exposure_time"": ""1/125"", ""exposure_program"": ""Manual"", ""exposure_compensation"": ""0"", ""aperture"": ""4.0"", ""focal_length"": ""38.2 mm"", ""focal_length_in35mm"": ""30 mm"", ""white_balance"": ""Auto"", ""metering_mode"": ""Multi-segment"", ""flash"": ""No Flash"", ""pageid"": ""299""}"
35285781593|70202166@N00|299|Fujifilm GFX 50S|Fujifilm|70202166@N00_Fujifilm_51ba4da6.json|"{""id"": ""35285781593"", ""owner"": ""70202166@N00"", ""title"": ""DSCF9039"", ""realname"": """", ""ownername"": ""黑麵之路‧不由分說"", ""datetaken"": ""2017-07-22 19:05:21"", ""max_width"": 8256, ""max_height"": 6192, ""url_max"": ""https://live.staticflickr.com/4325/35285781593_8ea6f5049a_o.jpg"", ""max_width_2000"": 1536, ""max_height_2000"": 2048, ""url_max_2000"": ""https://live.staticflickr.com/4325/35285781593_5fe4b667a9_k.jpg"", ""flickr_page"": ""https://www.flickr.com/photos/70202166@N00/35285781593"", ""camera"": ""Fujifilm GFX 50S"", ""create_date"": ""2017:07:22 19:05:21"", ""lens_model"": ""GF32-64mmF4 R LM WR"", ""iso"": ""1600"", ""exposure_time"": ""1/125"", ""exposure_program"": ""Manual"", ""exposure_compensation"": ""0"", ""aperture"": ""4.0"", ""focal_length"": ""38.9 mm"", ""focal_length_in35mm"": ""31 mm"", ""white_balance"": ""Auto"", ""metering_mode"": ""Multi-segment"", ""flash"": ""No Flash"", ""pageid"": ""299""}"
35285789563|70202166@N00|299|Fujifilm GFX 50S|Fujifilm|70202166@N00_Fujifilm_51ba4da6.json|"{""id"": ""35285789563"", ""owner"": ""70202166@N00"", ""title"": ""DSCF9035"", ""realname"": """", ""ownername"": ""黑麵之路‧不由分說"", ""datetaken"": ""2017-07-22 19:05:05"", ""max_width"": 8256, ""max_height"": 6192, ""url_max"": ""https://live.staticflickr.com/4299/35285789563_c3d535f275_o.jpg"", ""max_width_2000"": 1536, ""max_height_2000"": 2048, ""url_max_2000"": ""https://live.staticflickr.com/4299/35285789563_bf5e2d1d8d_k.jpg"", ""flickr_page"": ""https://www.flickr.com/photos/70202166@N00/35285789563"", ""camera"": ""Fujifilm GFX 50S"", ""create_date"": ""2017:07:22 19:05:05"", ""lens_model"": ""GF32-64mmF4 R LM WR"", ""iso"": ""1600"", ""exposure_time"": ""1/125"", ""exposure_program"": ""Manual"", ""exposure_compensation"": ""0"", ""aperture"": ""4.0"", ""focal_length"": ""38.9 mm"", ""focal_length_in35mm"": ""31 mm"", ""white_balance"": ""Auto"", ""metering_mode"": ""Multi-segment"", ""flash"": ""No Flash"", ""pageid"": ""299""}"
35285793843|70202166@N00|299|Fujifilm GFX 50S|Fujifilm|70202166@N00_Fujifilm_51ba4da6.json|"{""id"": ""35285793843"", ""owner"": ""70202166@N00"", ""title"": ""DSCF9027"", ""realname"": """", ""ownername"": ""黑麵之路‧不由分說"", ""datetaken"": ""2017-07-22 18:46:43"", ""max_width"": 8256, ""max_height"": 6192, ""url_max"": ""https://live.staticflickr.com/4294/35285793843_9ac4da0c9a_o.jpg"", ""max_width_2000"": 1600, ""max_height_2000"": 1200, ""url_max_2000"": ""https://live.staticflickr.com/4294/35285793843_08f319b7f4_h.jpg"", ""flickr_page"": ""https://www.flickr.com/photos/70202166@N00/35285793843"", ""camera"": ""Fujifilm GFX 50S"", ""create_date"": ""2017:07:22 18:46:43"", ""lens_model"": ""GF110mmF2 R LM WR"", ""iso"": ""400"", ""exposure_time"": ""1/125"", ""exposure_program"": ""Manual"", ""exposure_compensation"": ""0"", ""aperture"": ""2.5"", ""focal_length"": ""110.0 mm"", ""focal_length_in35mm"": ""87 mm"", ""white_balance"": ""Auto"", ""metering_mode"": ""Multi-segment"", ""flash"": ""No Flash"", ""pageid"": ""299""}"
35255279984|70202166@N00|299|Fujifilm GFX 50S|Fujifilm|70202166@N00_Fujifilm_51ba4da6.json|"{""id"": ""35255279984"", ""owner"": ""70202166@N00"", ""title"": ""DSCF9033"", ""realname"": """", ""ownername"": ""黑麵之路‧不由分說"", ""datetaken"": ""2017-07-22 18:50:21"", ""max_width"": 8256, ""max_height"": 6192, ""url_max"": ""https://live.staticflickr.com/4327/35255279984_d92d43f40a_o.jpg"", ""max_width_2000"": 1600, ""max_height_2000"": 1200, ""url_max_2000"": ""https://live.staticflickr.com/4327/35255279984_38f4cd942c_h.jpg"", ""flickr_page"": ""https://www.flickr.com/photos/70202166@N00/35255279984"", ""camera"": ""Fujifilm GFX 50S"", ""create_date"": ""2017:07:22 18:50:21"", ""lens_model"": ""GF110mmF2 R LM WR"", ""iso"": ""400"", ""exposure_time"": ""1/125"", ""exposure_program"": ""Manual"", ""exposure_compensation"": ""0"", ""aperture"": ""2.0"", ""focal_length"": ""110.0 mm"", ""focal_length_in35mm"": ""87 mm"", ""white_balance"": ""Auto"", ""metering_mode"": ""Multi-segment"", ""flash"": ""No Flash"", ""pageid"": ""299""}"
35255283664|70202166@N00|299|Fujifilm GFX 50S|Fujifilm|70202166@N00_Fujifilm_51ba4da6.json|"{""id"": ""35255283664"", ""owner"": ""70202166@N00"", ""title"": ""DSCF9020"", ""realname"": """", ""ownername"": ""黑麵之路‧不由分說"", ""datetaken"": ""2017-07-22 18:46:12"", ""max_width"": 8256, ""max_height"": 6192, ""url_max"": ""https://live.staticflickr.com/4328/35255283664_9f894d1e25_o.jpg"", ""max_width_2000"": 1536, ""max_height_2000"": 2048, ""url_max_2000"": ""https://live.staticflickr.com/4328/35255283664_f7492bfc81_k.jpg"", ""flickr_page"": ""https://www.flickr.com/photos/70202166@N00/35255283664"", ""camera"": ""Fujifilm GFX 50S"", ""create_date"": ""2017:07:22 18:46:12"", ""lens_model"": ""GF110mmF2 R LM WR"", ""iso"": ""400"", ""exposure_time"": ""1/125"", ""exposure_program"": ""Manual"", ""exposure_compensation"": ""0"", ""aperture"": ""2.5"", ""focal_length"": ""110.0 mm"", ""focal_length_in35mm"": ""87 mm"", ""white_balance"": ""Auto"", ""metering_mode"": ""Multi-segment"", ""flash"": ""No Flash"", ""pageid"": ""299""}"
35285791183|70202166@N00|299|Fujifilm GFX 50S|Fujifilm|70202166@N00_Fujifilm_51ba4da6.json|"{""id"": ""35285791183"", ""owner"": ""70202166@N00"", ""title"": ""DSCF9032"", ""realname"": """", ""ownername"": ""黑麵之路‧不由分說"", ""datetaken"": ""2017-07-22 18:50:15"", ""max_width"": 8256, ""max_height"": 6192, ""url_max"": ""https://live.staticflickr.com/4302/35285791183_d47d6f7d01_o.jpg"", ""max_width_2000"": 1536, ""max_height_2000"": 2048, ""url_max_2000"": ""https://live.staticflickr.com/4302/35285791183_a53d893652_k.jpg"", ""flickr_page"": ""https://www.flickr.com/photos/70202166@N00/35285791183"", ""camera"": ""Fujifilm GFX 50S"", ""create_date"": ""2017:07:22 18:50:15"", ""lens_model"": ""GF110mmF2 R LM WR"", ""iso"": ""400"", ""exposure_time"": ""1/125"", ""exposure_program"": ""Manual"", ""exposure_compensation"": ""0"", ""aperture"": ""2.0"", ""focal_length"": ""110.0 mm"", ""focal_length_in35mm"": ""87 mm"", ""white_balance"": ""Auto"", ""metering_mode"": ""Multi-segment"", ""flash"": ""No Flash"", ""pageid"": ""299""}"
35285798093|70202166@N00|299|Fujifilm GFX 50S|Fujifilm|70202166@N00_Fujifilm_51ba4da6.json|"{""id"": ""35285798093"", ""owner"": ""70202166@N00"", ""title"": ""DSCF9019"", ""realname"": """", ""ownername"": ""黑麵之路‧不由分說"", ""datetaken"": ""2017-07-22 18:46:08"", ""max_width"": 8256, ""max_height"": 6192, ""url_max"": ""https://live.staticflickr.com/4310/35285798093_636fc82eb8_o.jpg"", ""max_width_2000"": 1536, ""max_height_2000"": 2048, ""url_max_2000"": ""https://live.staticflickr.com/4310/35285798093_354e6751da_k.jpg"", ""flickr_page"": ""https://www.flickr.com/photos/70202166@N00/35285798093"", ""camera"": ""Fujifilm GFX 50S"", ""create_date"": ""2017:07:22 18:46:08"", ""lens_model"": ""GF110mmF2 R LM WR"", ""iso"": ""400"", ""exposure_time"": ""1/125"", ""exposure_program"": ""Manual"", ""exposure_compensation"": ""0"", ""aperture"": ""2.5"", ""focal_length"": ""110.0 mm"", ""focal_length_in35mm"": ""87 mm"", ""white_balance"": ""Auto"", ""metering_mode"": ""Multi-segment"", ""flash"": ""No Flash"", ""pageid"": ""299""}"
35925534722|70202166@N00|299|Fujifilm GFX 50S|Fujifilm|70202166@N00_Fujifilm_51ba4da6.json|"{""id"": ""35925534722"", ""owner"": ""70202166@N00"", ""title"": ""DSCF9018"", ""realname"": """", ""ownername"": ""黑麵之路‧不由分說"", ""datetaken"": ""2017-07-22 18:46:03"", ""max_width"": 8256, ""max_height"": 6192, ""url_max"": ""https://live.staticflickr.com/4320/35925534722_89ce172760_o.jpg"", ""max_width_2000"": 1600, ""max_height_2000"": 1200, ""url_max_2000"": ""https://live.staticflickr.com/4320/35925534722_25360d3fb5_h.jpg"", ""flickr_page"": ""https://www.flickr.com/photos/70202166@N00/35925534722"", ""camera"": ""Fujifilm GFX 50S"", ""create_date"": ""2017:07:22 18:46:03"", ""lens_model"": ""GF110mmF2 R LM WR"", ""iso"": ""400"", ""exposure_time"": ""1/125"", ""exposure_program"": ""Manual"", ""exposure_compensation"": ""0"", ""aperture"": ""2.5"", ""focal_length"": ""110.0 mm"", ""focal_length_in35mm"": ""87 mm"", ""white_balance"": ""Auto"", ""metering_mode"": ""Multi-segment"", ""flash"": ""No Flash"", ""pageid"": ""299""}"
35255282624|70202166@N00|299|Fujifilm GFX 50S|Fujifilm|70202166@N00_Fujifilm_51ba4da6.json|"{""id"": ""35255282624"", ""owner"": ""70202166@N00"", ""title"": ""DSCF9025"", ""realname"": """", ""ownername"": ""黑麵之路‧不由分說"", ""datetaken"": ""2017-07-22 18:46:37"", ""max_width"": 8256, ""max_height"": 6192, ""url_max"": ""https://live.staticflickr.com/4319/35255282624_870a28f013_o.jpg"", ""max_width_2000"": 1600, ""max_height_2000"": 1200, ""url_max_2000"": ""https://live.staticflickr.com/4319/35255282624_1ffe185367_h.jpg"", ""flickr_page"": ""https://www.flickr.com/photos/70202166@N00/35255282624"", ""camera"": ""Fujifilm GFX 50S"", ""create_date"": ""2017:07:22 18:46:37"", ""lens_model"": ""GF110mmF2 R LM WR"", ""iso"": ""400"", ""exposure_time"": ""1/125"", ""exposure_program"": ""Manual"", ""exposure_compensation"": ""0"", ""aperture"": ""2.5"", ""focal_length"": ""110.0 mm"", ""focal_length_in35mm"": ""87 mm"", ""white_balance"": ""Auto"", ""metering_mode"": ""Multi-segment"", ""flash"": ""No Flash"", ""pageid"": ""299""}"
35285792413|70202166@N00|299|Fujifilm GFX 50S|Fujifilm|70202166@N00_Fujifilm_51ba4da6.json|"{""id"": ""35285792413"", ""owner"": ""70202166@N00"", ""title"": ""DSCF9029"", ""realname"": """", ""ownername"": ""黑麵之路‧不由分說"", ""datetaken"": ""2017-07-22 18:50:03"", ""max_width"": 8256, ""max_height"": 6192, ""url_max"": ""https://live.staticflickr.com/4328/35285792413_469f7cf52c_o.jpg"", ""max_width_2000"": 1600, ""max_height_2000"": 1200, ""url_max_2000"": ""https://live.staticflickr.com/4328/35285792413_541b1270eb_h.jpg"", ""flickr_page"": ""https://www.flickr.com/photos/70202166@N00/35285792413"", ""camera"": ""Fujifilm GFX 50S"", ""create_date"": ""2017:07:22 18:50:03"", ""lens_model"": ""GF110mmF2 R LM WR"", ""iso"": ""400"", ""exposure_time"": ""1/60"", ""exposure_program"": ""Manual"", ""exposure_compensation"": ""0"", ""aperture"": ""2.0"", ""focal_length"": ""110.0 mm"", ""focal_length_in35mm"": ""87 mm"", ""white_balance"": ""Auto"", ""metering_mode"": ""Multi-segment"", ""flash"": ""No Flash"", ""pageid"": ""299""}"
35925534932|70202166@N00|299|Fujifilm GFX 50S|Fujifilm|70202166@N00_Fujifilm_51ba4da6.json|"{""id"": ""35925534932"", ""owner"": ""70202166@N00"", ""title"": ""DSCF9012"", ""realname"": """", ""ownername"": ""黑麵之路‧不由分說"", ""datetaken"": ""2017-07-22 18:43:05"", ""max_width"": 8256, ""max_height"": 6192, ""url_max"": ""https://live.staticflickr.com/4320/35925534932_7881b9ea94_o.jpg"", ""max_width_2000"": 1600, ""max_height_2000"": 1200, ""url_max_2000"": ""https://live.staticflickr.com/4320/35925534932_c9d1f495f0_h.jpg"", ""flickr_page"": ""https://www.flickr.com/photos/70202166@N00/35925534932"", ""camera"": ""Fujifilm GFX 50S"", ""create_date"": ""2017:07:22 18:43:05"", ""lens_model"": ""GF32-64mmF4 R LM WR"", ""iso"": ""400"", ""exposure_time"": ""1/125"", ""exposure_program"": ""Manual"", ""exposure_compensation"": ""0"", ""aperture"": ""4.0"", ""focal_length"": ""64.0 mm"", ""focal_length_in35mm"": ""51 mm"", ""white_balance"": ""Auto"", ""metering_mode"": ""Multi-segment"", ""flash"": ""No Flash"", ""pageid"": ""299""}"
35285801293|70202166@N00|299|Fujifilm GFX 50S|Fujifilm|70202166@N00_Fujifilm_51ba4da6.json|"{""id"": ""35285801293"", ""owner"": ""70202166@N00"", ""title"": ""DSCF9009"", ""realname"": """", ""ownername"": ""黑麵之路‧不由分說"", ""datetaken"": ""2017-07-22 18:37:04"", ""max_width"": 8256, ""max_height"": 6192, ""url_max"": ""https://live.staticflickr.com/4314/35285801293_761ea9c02a_o.jpg"", ""max_width_2000"": 1536, ""max_height_2000"": 2048, ""url_max_2000"": ""https://live.staticflickr.com/4314/35285801293_178ab3a955_k.jpg"", ""flickr_page"": ""https://www.flickr.com/photos/70202166@N00/35285801293"", ""camera"": ""Fujifilm GFX 50S"", ""create_date"": ""2017:07:22 18:37:04"", ""lens_model"": ""GF32-64mmF4 R LM WR"", ""iso"": ""400"", ""exposure_time"": ""1/125"", ""exposure_program"": ""Manual"", ""exposure_compensation"": ""0"", ""aperture"": ""4.0"", ""focal_length"": ""46.5 mm"", ""focal_length_in35mm"": ""37 mm"", ""white_balance"": ""Auto"", ""metering_mode"": ""Multi-segment"", ""flash"": ""No Flash"", ""pageid"": ""299""}"
35925535462|70202166@N00|299|Fujifilm GFX 50S|Fujifilm|70202166@N00_Fujifilm_51ba4da6.json|"{""id"": ""35925535462"", ""owner"": ""70202166@N00"", ""title"": ""DSCF9008"", ""realname"": """", ""ownername"": ""黑麵之路‧不由分說"", ""datetaken"": ""2017-07-22 18:36:59"", ""max_width"": 8256, ""max_height"": 6192, ""url_max"": ""https://live.staticflickr.com/4310/35925535462_2508ea6e15_o.jpg"", ""max_width_2000"": 1600, ""max_height_2000"": 1200, ""url_max_2000"": ""https://live.staticflickr.com/4310/35925535462_17bd209d97_h.jpg"", ""flickr_page"": ""https://www.flickr.com/photos/70202166@N00/35925535462"", ""camera"": ""Fujifilm GFX 50S"", ""create_date"": ""2017:07:22 18:36:59"", ""lens_model"": ""GF32-64mmF4 R LM WR"", ""iso"": ""400"", ""exposure_time"": ""1/125"", ""exposure_program"": ""Manual"", ""exposure_compensation"": ""0"", ""aperture"": ""4.0"", ""focal_length"": ""46.5 mm"", ""focal_length_in35mm"": ""37 mm"", ""white_balance"": ""Auto"", ""metering_mode"": ""Multi-segment"", ""flash"": ""No Flash"", ""pageid"": ""299""}"
35285805023|70202166@N00|299|Fujifilm GFX 50S|Fujifilm|70202166@N00_Fujifilm_51ba4da6.json|"{""id"": ""35285805023"", ""owner"": ""70202166@N00"", ""title"": ""DSCF9004"", ""realname"": """", ""ownername"": ""黑麵之路‧不由分說"", ""datetaken"": ""2017-07-22 18:36:29"", ""max_width"": 8256, ""max_height"": 6192, ""url_max"": ""https://live.staticflickr.com/4307/35285805023_f191f4b93e_o.jpg"", ""max_width_2000"": 1600, ""max_height_2000"": 1200, ""url_max_2000"": ""https://live.staticflickr.com/4307/35285805023_3c2248b98a_h.jpg"", ""flickr_page"": ""https://www.flickr.com/photos/70202166@N00/35285805023"", ""camera"": ""Fujifilm GFX 50S"", ""create_date"": ""2017:07:22 18:36:29"", ""lens_model"": ""GF32-64mmF4 R LM WR"", ""iso"": ""400"", ""exposure_time"": ""1/125"", ""exposure_program"": ""Manual"", ""exposure_compensation"": ""0"", ""aperture"": ""4.0"", ""focal_length"": ""36.9 mm"", ""focal_length_in35mm"": ""29 mm"", ""white_balance"": ""Auto"", ""metering_mode"": ""Multi-segment"", ""flash"": ""No Flash"", ""pageid"": ""299""}"
35285802883|70202166@N00|299|Fujifilm GFX 50S|Fujifilm|70202166@N00_Fujifilm_51ba4da6.json|"{""id"": ""35285802883"", ""owner"": ""70202166@N00"", ""title"": ""DSCF9005"", ""realname"": """", ""ownername"": ""黑麵之路‧不由分說"", ""datetaken"": ""2017-07-22 18:36:37"", ""max_width"": 8256, ""max_height"": 6192, ""url_max"": ""https://live.staticflickr.com/4312/35285802883_b76246f311_o.jpg"", ""max_width_2000"": 1600, ""max_height_2000"": 1200, ""url_max_2000"": ""https://live.staticflickr.com/4312/35285802883_d920c14a34_h.jpg"", ""flickr_page"": ""https://www.flickr.com/photos/70202166@N00/35285802883"", ""camera"": ""Fujifilm GFX 50S"", ""create_date"": ""2017:07:22 18:36:37"", ""lens_model"": ""GF32-64mmF4 R LM WR"", ""iso"": ""400"", ""exposure_time"": ""1/125"", ""exposure_program"": ""Manual"", ""exposure_compensation"": ""0"", ""aperture"": ""4.0"", ""focal_length"": ""46.5 mm"", ""focal_length_in35mm"": ""37 mm"", ""white_balance"": ""Auto"", ""metering_mode"": ""Multi-segment"", ""flash"": ""No Flash"", ""pageid"": ""299""}"
